function [refsin, refcos] = lut_941()
% Lookup table function for frequency 941 Hz
% Returns refsin and refcos arrays containing precomputed sine and cosine values

refsin = [
    0.00000, 0.36118, 0.67359, 0.89507, 0.99571, 0.96192, 0.79827, 0.52684, 0.18429, -0.18314, -0.52584, -0.79756, -0.96160, -0.99582, -0.89560, -0.67446, -0.36228, -0.00118, 0.36008, 0.67272, 0.89454, 0.99560, 0.96224, 0.79898, 0.52785, 0.18545, -0.18198, -0.52484, -0.79685, -0.96127, -0.99592, -0.89612, -0.67533, -0.36337, -0.00236, 0.35898, 0.67185, 0.89402, 0.99549, 0.96256, 0.79968, 0.52885, 0.18661, -0.18082, -0.52384, -0.79613, -0.96095, -0.99603, -0.89664, -0.67620, -0.36447, -0.00353, 0.35788, 0.67098, 0.89349, 0.99538, 0.96288, 0.80039, 0.52985, 0.18777, -0.17966, -0.52283, -0.79542, -0.96062, -0.99613, -0.89716, -0.67707, -0.36557, -0.00471, 0.35678, 0.67010, 0.89296, 0.99526, 0.96320, 0.80110, 0.53084, 0.18892, -0.17850, -0.52183, -0.79471, -0.96029, -0.99624, -0.89768, -0.67794, -0.36666, -0.00589, 0.35568, 0.66923, 0.89243, 0.99515, 0.96351, 0.80180, 0.53184, 0.19008, -0.17734, -0.52082, -0.79399, -0.95996, -0.99634, -0.89820, -0.67880, -0.36776, -0.00707, 0.35458, 0.66835, 0.89190, 0.99503, 0.96383, 0.80251, 0.53284, 0.19124, -0.17618, -0.51982, -0.79327, -0.95963, -0.99644, -0.89872, -0.67967, -0.36885, -0.00825, 0.35347, 0.66748, 0.89136, 0.99491, 0.96414, 0.80321, 0.53384, 0.19239, -0.17502, -0.51881, -0.79256, -0.95930, -0.99654, -0.89923, -0.68053, -0.36995, -0.00942, 0.35237, 0.66660, 0.89083, 0.99479, 0.96445, 0.80391, 0.53483, 0.19355, -0.17386, -0.51780, -0.79184, -0.95897, -0.99663, -0.89975, -0.68139, -0.37104, -0.01060, 0.35127, 0.66572, 0.89029, 0.99467, 0.96476, 0.80461, 0.53583, 0.19471, -0.17270, -0.51679, -0.79112, -0.95863, -0.99673, -0.90026, -0.68225, -0.37214, -0.01178, 0.35017, 0.66484, 0.88976, 0.99455, 0.96507, 0.80531, 0.53682, 0.19586, -0.17154, -0.51579, -0.79040, -0.95830, -0.99682, -0.90077, -0.68311, -0.37323, -0.01296, 0.34906, 0.66396, 0.88922, 0.99443, 0.96538, 0.80601, 0.53781, 0.19702, -0.17038, -0.51478, -0.78967, -0.95796, -0.99692, -0.90129, -0.68397, -0.37432, -0.01414, 0.34796, 0.66308, 0.88868, 0.99430, 0.96569, 0.80670, 0.53881, 0.19817, -0.16922, -0.51377, -0.78895, -0.95762, -0.99701, -0.90179, -0.68483, -0.37542, -0.01531, 0.34685, 0.66220, 0.88814, 0.99417, 0.96599, 0.80740, 0.53980, 0.19933, -0.16806, -0.51275, -0.78823, -0.95728, -0.99710, -0.90230, -0.68569, -0.37651, -0.01649, 0.34575, 0.66131, 0.88759, 0.99405, 0.96630, 0.80809, 0.54079, 0.20048, -0.16690, -0.51174, -0.78750, -0.95694, -0.99719, -0.90281, -0.68655, -0.37760, -0.01767, 0.34464, 0.66043, 0.88705, 0.99392, 0.96660, 0.80879, 0.54178, 0.20163, -0.16574, -0.51073, -0.78677, -0.95660, -0.99728, -0.90332, -0.68740, -0.37869, -0.01885, 0.34354, 0.65954, 0.88651, 0.99379, 0.96690, 0.80948, 0.54277, 0.20279, -0.16457, -0.50972, -0.78605, -0.95625, -0.99736, -0.90382, -0.68826, -0.37978, -0.02003, 0.34243, 0.65866, 0.88596, 0.99366, 0.96720, 0.81017, 0.54376, 0.20394, -0.16341, -0.50870, -0.78532, -0.95591, -0.99745, -0.90432, -0.68911, -0.38087, -0.02120, 0.34132, 0.65777, 0.88541, 0.99352, 0.96750, 0.81086, 0.54475, 0.20509, -0.16225, -0.50769, -0.78459, -0.95556, -0.99753
];

refcos = [
    1.00000, 0.93250, 0.73910, 0.44592, 0.09254, -0.27333, -0.60230, -0.84996, -0.98287, -0.98309, -0.85058, -0.60324, -0.27446, 0.09137, 0.44487, 0.73831, 0.93207, 1.00000, 0.93292, 0.73990, 0.44698, 0.09372, -0.27220, -0.60136, -0.84934, -0.98265, -0.98330, -0.85120, -0.60418, -0.27560, 0.09020, 0.44381, 0.73751, 0.93164, 1.00000, 0.93335, 0.74069, 0.44803, 0.09489, -0.27106, -0.60042, -0.84872, -0.98243, -0.98352, -0.85182, -0.60512, -0.27673, 0.08902, 0.44276, 0.73672, 0.93121, 0.99999, 0.93377, 0.74148, 0.44909, 0.09606, -0.26993, -0.59948, -0.84809, -0.98221, -0.98373, -0.85243, -0.60606, -0.27786, 0.08785, 0.44170, 0.73592, 0.93078, 0.99999, 0.93419, 0.74227, 0.45014, 0.09724, -0.26879, -0.59853, -0.84747, -0.98199, -0.98394, -0.85305, -0.60699, -0.27899, 0.08668, 0.44064, 0.73512, 0.93035, 0.99998, 0.93461, 0.74306, 0.45119, 0.09841, -0.26766, -0.59759, -0.84684, -0.98177, -0.98415, -0.85366, -0.60793, -0.28012, 0.08550, 0.43959, 0.73432, 0.92992, 0.99998, 0.93503, 0.74385, 0.45224, 0.09958, -0.26652, -0.59665, -0.84622, -0.98154, -0.98436, -0.85428, -0.60887, -0.28125, 0.08433, 0.43853, 0.73352, 0.92949, 0.99997, 0.93544, 0.74463, 0.45329, 0.10075, -0.26539, -0.59570, -0.84559, -0.98132, -0.98456, -0.85489, -0.60980, -0.28238, 0.08316, 0.43747, 0.73272, 0.92905, 0.99996, 0.93586, 0.74542, 0.45434, 0.10192, -0.26425, -0.59475, -0.84496, -0.98109, -0.98477, -0.85550, -0.61073, -0.28351, 0.08198, 0.43641, 0.73192, 0.92862, 0.99994, 0.93627, 0.74620, 0.45539, 0.10310, -0.26312, -0.59381, -0.84433, -0.98086, -0.98497, -0.85611, -0.61167, -0.28464, 0.08081, 0.43535, 0.73112, 0.92818, 0.99993, 0.93669, 0.74699, 0.45644, 0.10427, -0.26198, -0.59286, -0.84370, -0.98063, -0.98518, -0.85672, -0.61260, -0.28577, 0.07963, 0.43429, 0.73031, 0.92774, 0.99992, 0.93710, 0.74777, 0.45749, 0.10544, -0.26084, -0.59191, -0.84306, -0.98040, -0.98538, -0.85732, -0.61353, -0.28690, 0.07846, 0.43323, 0.72951, 0.92730, 0.99990, 0.93751, 0.74855, 0.45853, 0.10661, -0.25970, -0.59096, -0.84243, -0.98017, -0.98558, -0.85793, -0.61446, -0.28803, 0.07728, 0.43216, 0.72870, 0.92686, 0.99988, 0.93792, 0.74933, 0.45958, 0.10778, -0.25857, -0.59001, -0.84179, -0.97993, -0.98578, -0.85854, -0.61539, -0.28916, 0.07611, 0.43110, 0.72789, 0.92641, 0.99986, 0.93833, 0.75011, 0.46063, 0.10895, -0.25743, -0.58906, -0.84116, -0.97970, -0.98597, -0.85914, -0.61631, -0.29028, 0.07494, 0.43004, 0.72708, 0.92597, 0.99984, 0.93873, 0.75089, 0.46167, 0.11012, -0.25629, -0.58810, -0.84052, -0.97946, -0.98617, -0.85974, -0.61724, -0.29141, 0.07376, 0.42897, 0.72627, 0.92552, 0.99982, 0.93914, 0.75167, 0.46272, 0.11130, -0.25515, -0.58715, -0.83988, -0.97922, -0.98636, -0.86034, -0.61817, -0.29254, 0.07259, 0.42791, 0.72546, 0.92508, 0.99980, 0.93954, 0.75244, 0.46376, 0.11247, -0.25401, -0.58620, -0.83924, -0.97898, -0.98656, -0.86094, -0.61909, -0.29366, 0.07141, 0.42684, 0.72465, 0.92463, 0.99978, 0.93995, 0.75322, 0.46480, 0.11364, -0.25287, -0.58524, -0.83860, -0.97874, -0.98675, -0.86154, -0.62002, -0.29479, 0.07024
];

end
