function [refsin, refcos] = lut_1477()
% Lookup table function for frequency 1477 Hz
% Returns refsin and refcos arrays containing precomputed sine and cosine values

% Precomputed sine and cosine values for 1477 Hz
% These values should be computed beforehand based on your sampling rate and frame size
% For demonstration, Im including sample values (you should replace these with actual computed values)

refsin = [ ... % Add actual sine values for 1477 Hz here
    0.00000, 0.54804, 0.91682, 0.98571, 0.73219, 0.23917, -0.33208, -0.79471, -0.99739, -0.87384, -0.46446, 0.09684, 0.62647, 0.95118, 0.96476, 0.66278, 0.14401, -0.42187, -0.84975, -0.99969, -0.82264, -0.37651, 0.19278, 0.69901, 0.97660, 0.93475, 0.58715, 0.04750, -0.50769, -0.89681, -0.99260, -0.76371, -0.28502, 0.28690, 0.76498, 0.99284, 0.89594, 0.50600, -0.04946, -0.58874, -0.93544, -0.97617, -0.69760, -0.19085, 0.37833, 0.82376, 0.99974, 0.84872, 0.42009, -0.14595, -0.66425, -0.96528, -0.95057, -0.62494, -0.09489, 0.46619, 0.87479, 0.99725, 0.79351, 0.33023, -0.24108, -0.73352, -0.98604, -0.91603, -0.54639, 0.00196, 0.54968, 0.91760, 0.98538, 0.73085, 0.23726, -0.33393, -0.79590, -0.99753, -0.87288, -0.46272, 0.09880, 0.62800, 0.95178, 0.96425, 0.66131, 0.14207, -0.42365, -0.85079, -0.99964, -0.82152, -0.37469, 0.19471, 0.70041, 0.97702, 0.93405, 0.58556, 0.04554, -0.50938, -0.89768, -0.99236, -0.76244, -0.28314, 0.28878, 0.76624, 0.99307, 0.89507, 0.50430, -0.05142, -0.59032, -0.93614, -0.97575, -0.69619, -0.18892, 0.38014, 0.82487, 0.99978, 0.84768, 0.41830, -0.14790, -0.66572, -0.96579, -0.94996, -0.62340, -0.09294, 0.46793, 0.87574, 0.99710, 0.79232, 0.32837, -0.24298, -0.73486, -0.98636, -0.91524, -0.54475, 0.00393, 0.55132, 0.91838, 0.98504, 0.72951, 0.23535, -0.33578, -0.79708, -0.99767, -0.87192, -0.46097, 0.10075, 0.62952, 0.95238, 0.96372, 0.65984, 0.14012, -0.42542, -0.85182, -0.99959, -0.82040, -0.37287, 0.19663, 0.70181, 0.97743, 0.93335, 0.58397, 0.04358, -0.51107, -0.89855, -0.99211, -0.76117, -0.28125, 0.29066, 0.76750, 0.99330, 0.89419, 0.50261, -0.05338, -0.59191, -0.93682, -0.97531, -0.69478, -0.18700, 0.38196, 0.82598, 0.99982, 0.84663, 0.41652, -0.14984, -0.66718, -0.96630, -0.94934, -0.62187, -0.09098, 0.46966, 0.87668, 0.99695, 0.79112, 0.32652, -0.24488, -0.73619, -0.98669, -0.91445, -0.54310, 0.00589, 0.55296, 0.91915, 0.98470, 0.72816, 0.23345, -0.33763, -0.79827, -0.99780, -0.91662, -0.45923, 0.10271, 0.63105, 0.95298, 0.96320, 0.65836, 0.13818, -0.42720, -0.85285, -0.99953, -0.81928, -0.37104, 0.19856, 0.70321, 0.97785, 0.93264, 0.58237, 0.04161, -0.51275, -0.89941, -0.99187, -0.75990, -0.27937, 0.29254, 0.76876, 0.99352, 0.89331, 0.50091, -0.05534, -0.59349, -0.93751, -0.97488, -0.69337, -0.18507, 0.38377, 0.82708, 0.99986, 0.84559, 0.41473, -0.15178, -0.66864, -0.96680, -0.94972, -0.62033, -0.08902, 0.47140, 0.87763, 0.99679, 0.78991, 0.32466, -0.24679, -0.73751, -0.98700, -0.91365, -0.54145, 0.00785, 0.55459, 0.91992, 0.98436, 0.72681, 0.23154, -0.33948, -0.79945, -0.99793, -0.86999, -0.45749, 0.10466, 0.63257, 0.95357, 0.96267, 0.65688, 0.13623, -0.42897, -0.85387, -0.99947, -0.81815, -0.36922, 0.20048, 0.70460, 0.97826, 0.93193, 0.58077, 0.03965, -0.51444, -0.90026, -0.99161, -0.75862, -0.27748, 0.29442, 0.77001, 0.99374, 0.89243, 0.49921, -0.05730, -0.59507, -0.93819, -0.97444, -0.69195, -0.18314, 0.38558, 0.82818, 0.99989, 0.84454, 0.41295, -0.15372, -0.67010, -0.96730, -0.94810, -0.61879, -0.08707, 0.47313, 0.87857, 0.99663, 0.78871, 0.32280
];

refcos = [ ... % Add actual cosine values for 1477 Hz here
    1.00000, 0.83645, 0.39931, -0.16845, -0.68110, -0.97098, -0.94325, -0.60699, -0.07219, 0.48622, 0.88560, 0.99530, 0.77945, 0.30864, -0.26312, -0.74881, -0.98958, -0.90666, -0.52718, 0.02474, 0.56856, 0.92641, 0.98124, 0.71511, 0.21508, -0.35531, -0.80948, -0.99887, -0.86154, -0.44241, 0.12144, 0.64556, 0.95852, 0.95796, 0.64406, 0.11949, -0.44417, -0.86254, -0.99878, -0.80832, -0.35347, 0.21699, 0.71648, 0.98162, 0.92567, 0.56695, 0.02277, -0.52885, -0.90748, -0.98929, -0.74751, -0.26122, 0.31051, 0.78068, 0.99549, 0.88468, 0.48450, -0.07415, -0.60855, -0.94390, -0.97051, -0.67967, -0.16651, 0.40111, 0.83753, 1.00000, 0.83538, 0.39751, -0.17038, -0.68254, -0.97145, -0.94260, -0.60543, -0.07024, 0.48794, 0.88651, 0.99511, 0.77822, 0.30678, -0.26501, -0.75011, -0.98986, -0.90583, -0.52551, 0.02670, 0.57018, 0.92715, 0.98086, 0.71374, 0.21316, -0.35715, -0.81063, -0.99896, -0.86054, -0.44064, 0.12338, 0.64706, 0.95908, 0.95740, 0.64255, 0.11754, -0.44592, -0.86353, -0.99868, -0.80717, -0.35164, 0.21891, 0.71785, 0.98199, 0.92493, 0.56533, 0.02081, -0.53051, -0.90831, -0.98900, -0.74620, -0.25932, 0.31238, 0.78190, 0.99567, 0.88377, 0.48279, -0.07611, -0.61011, -0.94455, -0.97003, -0.67822, -0.16457, 0.40291, 0.83860, 0.99999, 0.83430, 0.39571, -0.17232, -0.68397, -0.97191, -0.94194, -0.60387, -0.06828, 0.48965, 0.88741, 0.99491, 0.77698, 0.30491, -0.26690, -0.75141, -0.99013, -0.90499, -0.52384, 0.02866, 0.57179, 0.92789, 0.98048, 0.71236, 0.21124, -0.35898, -0.81178, -0.99905, -0.85954, -0.43888, 0.12533, 0.64855, 0.95963, 0.95683, 0.64105, 0.11559, -0.44768, -0.86452, -0.99857, -0.80601, -0.34980, 0.22083, 0.71922, 0.98236, 0.92418, 0.56371, 0.01885, -0.53217, -0.90913, -0.98971, -0.74620, -0.25743, 0.31424, 0.78312, 0.99585, 0.88285, 0.48107, -0.07807, -0.61167, -0.94519, -0.97003, -0.67678, -0.16264, 0.40470, 0.83967, 0.99998, 0.83321, 0.39390, -0.17425, -0.68541, -0.97237, -0.94128, -0.60230, -0.06632, 0.49136, 0.88832, 0.99471, 0.77574, 0.30304, -0.26879, -0.75270, -0.99041, -0.90416, -0.52216, 0.03063, 0.57340, 0.92862, 0.98009, 0.71098, 0.20932, -0.36081, -0.81292, -0.99913, -0.85854, -0.43712, 0.12728, 0.65005, 0.96018, 0.95625, 0.63954, 0.11364, -0.44944, -0.86550, -0.99847, -0.80484, -0.34796, 0.22274, 0.72058, 0.98273, 0.92343, 0.56208, 0.01689, -0.53384, -0.90994, -0.98841, -0.74358, -0.25553, 0.31610, 0.78434, 0.99603, 0.88192, 0.47934, -0.08002, -0.61322, -0.94583, -0.96955, -0.67533, -0.16070, 0.40650, 0.84073, 0.99997, 0.83212, 0.39210, -0.17618, -0.68683, -0.97283, -0.94061, -0.60073, -0.06436, 0.49307, 0.88922, 0.99451, 0.77450, 0.30116, -0.27068, -0.75399, -0.99068, -0.90332, -0.52049, 0.03259, 0.57501, 0.92934, 0.97970, 0.70960, 0.20740, -0.36264, -0.81406, -0.99921, -0.85753, -0.43535, 0.12923, 0.65154, 0.96073, 0.95568, 0.63803, 0.11169, -0.45119, -0.86648, -0.99836, -0.80368, -0.34612, 0.22465, 0.72194, 0.98309, 0.92267, 0.56046, 0.01492, -0.53550, -0.91076, -0.98811, -0.74227, -0.25363, 0.31797, 0.78556, 0.99620, 0.88099, 0.47762, -0.08198, -0.61477, -0.94647
];

end
