function [refsin, refcos] = lut_697()
% Lookup table function for frequency 697 Hz
% Returns refsin and refcos arrays as row vectors

% Precomputed sine values for 697 Hz
refsin = [ ...
    0.00000, 0.27031, 0.52049, 0.73192, 0.88886, 0.97962, 0.99745, 0.94101, 0.81452, 0.62739, 0.39354, 0.13040, -0.14246, -0.40470, -0.63682, -0.82152, -0.94506, -0.99824, -0.97710, -0.88321, -0.72357, -0.51006, -0.25857, 0.01217, 0.28201, 0.53084, 0.74016, 0.89437, 0.98199, 0.99650, 0.93682, 0.80740, 0.61786, 0.38232, 0.11832, -0.15449, -0.41580, -0.64616, -0.82840, -0.94897, -0.99889, -0.97444, -0.87744, -0.71511, -0.49955, -0.24679, 0.02434, 0.29366, 0.54112, 0.74829, 0.89975, 0.98422, 0.99541, 0.93250, 0.80016, 0.60824, 0.37104, 0.10622, -0.16651, -0.42684, -0.65540, -0.83516, -0.95274, -0.99939, -0.97163, -0.87153, -0.70655, -0.48896, -0.23497, 0.03651, 0.30528, 0.55132, 0.75631, 0.90499, 0.98630, 0.99417, 0.92803, 0.79280, 0.59853, 0.35971, 0.09411, -0.17850, -0.43782, -0.66455, -0.84179, -0.95637, -0.99974, -0.96868, -0.86550, -0.69788, -0.47831, -0.22312, 0.04868, 0.31685, 0.56143, 0.76422, 0.91011, 0.98824, 0.99279, 0.92343, 0.78532, 0.58874, 0.34833, 0.08198, -0.19047, -0.44873, -0.67359, -0.84830, -0.95985, -0.99994, -0.96559, -0.85934, -0.68911, -0.46758, -0.21124, 0.06083, 0.32837, 0.57147, 0.77201, 0.91508, 0.99002, 0.99126, 0.91869, 0.77772, 0.57885, 0.33689, 0.06984, -0.20240, -0.45958, -0.68254, -0.85469, -0.96320, -1.00000, -0.96235, -0.85305, -0.68024, -0.45679, -0.19933, 0.07298, 0.33985, 0.58141, 0.77969, 0.91992, 0.99167, 0.98958, 0.91381, 0.77001, 0.56888, 0.32540, 0.05769, -0.21431, -0.47036, -0.69139, -0.86094, -0.96640, -0.99991, -0.95897, -0.84663, -0.67127, -0.44592, -0.18738, 0.08511, 0.35127, 0.59127, 0.78726, 0.92463, 0.99316, 0.98775, 0.90880, 0.76219, 0.55883, 0.31387, 0.04554, -0.22618, -0.48107, -0.70013, -0.86707, -0.96946, -0.99966, -0.95545, -0.84009, -0.66220, -0.43500, -0.17541, 0.09724, 0.36264, 0.60105, 0.79471, 0.92920, 0.99451, 0.98578, 0.90365, 0.75425, 0.54869, 0.30229, 0.03337, -0.23802, -0.49170, -0.70877, -0.87307, -0.97237, -0.99927, -0.95178, -0.83343, -0.65302, -0.42400, -0.16341, 0.10934, 0.37396, 0.61073, 0.80204, 0.93363, 0.99571, 0.98366, 0.89837, 0.74620, 0.53848, 0.29066, 0.02120, -0.24983, -0.50227, -0.71731, -0.87894, -0.97514, -0.99874, -0.94798, -0.82664, -0.64376, -0.41295, -0.15139, 0.12144, 0.38522, 0.62033, 0.80925, 0.93792, 0.99676, 0.98139, 0.89296, 0.73804, 0.52818, 0.27899, 0.00903, -0.26160, -0.51275, -0.72573, -0.88468, -0.97776, -0.99805, -0.94403, -0.81973, -0.63439, -0.40183, -0.13935, 0.13351, 0.39643, 0.62983, 0.81634, 0.94207, 0.99767, 0.97898, 0.88741, 0.72977, 0.51780, 0.26728, -0.00314, -0.27333, -0.52317, -0.73406, -0.89029, -0.98025, -0.99722, -0.93995, -0.81269, -0.62494, -0.39065, -0.12728, 0.14557, 0.40757, 0.63924, 0.82331, 0.94609, 0.99842, 0.97643, 0.88174, 0.72140, 0.50735, 0.25553, -0.01531, -0.28502, -0.53350, -0.74227, -0.89577, -0.98258, -0.99624, -0.93572, -0.80554, -0.61539, -0.37942, -0.11520, 0.15760, 0.41866, 0.64855, 0.83016, 0.94996, 0.99903, 0.97373, 0.87593, 0.71291, 0.49682, 0.24374, -0.02749, -0.29667, -0.54376, -0.75037, -0.90111, -0.98477, -0.99511, -0.93136, -0.79827, -0.60575
];

% Precomputed cosine values for 697 Hz
refcos = [ ...
    1.00000, 0.96277, 0.85387, 0.68139, 0.45818, 0.20086, -0.07141, -0.33837, -0.58013, -0.77871, -0.91931, -0.99146, -0.98980, -0.91445, -0.77101, -0.57018, -0.32689, -0.05926, 0.21277, 0.46897, 0.69025, 0.86014, 0.96599, 0.99993, 0.95941, 0.84747, 0.67243, 0.44733, 0.18892, -0.08355, -0.34980, -0.59001, -0.78629, -0.92403, -0.99298, -0.98799, -0.90945, -0.76320, -0.56013, -0.31536, -0.04711, 0.22465, 0.47969, 0.69901, 0.86629, 0.96907, 0.99970, 0.95591, 0.84094, 0.66337, 0.43641, 0.17696, -0.09567, -0.36118, -0.59979, -0.79375, -0.92862, -0.99434, -0.98604, -0.90432, -0.75528, -0.55001, -0.30378, -0.03494, 0.23650, 0.49033, 0.70766, 0.87230, 0.97200, 0.99933, 0.95226, 0.83430, 0.65421, 0.42542, 0.16496, -0.10778, -0.37250, -0.60949, -0.80110, -0.93306, -0.99556, -0.98394, -0.89906, -0.74725, -0.53980, -0.29216, -0.02277, 0.24831, 0.50091, 0.71621, 0.87819, 0.97479, 0.99881, 0.94848, 0.82752, 0.64496, 0.41438, 0.15294, -0.11988, -0.38377, -0.61909, -0.80832, -0.93737, -0.99663, -0.98169, -0.89367, -0.73910, -0.52951, -0.28050, -0.01060, 0.26008, 0.51141, 0.72465, 0.88395, 0.97743, 0.99815, 0.94455, 0.82063, 0.63561, 0.40327, 0.14090, -0.13195, -0.39498, -0.62861, -0.81543, -0.94154, -0.99756, -0.97930, -0.88814, -0.73085, -0.51915, -0.26879, 0.00157, 0.27182, 0.52183, 0.73299, 0.88958, 0.97993, 0.99733, 0.94048, 0.81361, 0.62616, 0.39210, 0.12884, -0.14401, -0.40614, -0.63803, -0.82242, -0.94558, -0.99833, -0.97677, -0.88248, -0.72248, -0.50870, -0.25705, 0.01374, 0.28351, 0.53217, 0.74121, 0.89507, 0.98229, 0.99637, 0.93627, 0.80647, 0.61662, 0.38087, 0.11676, -0.15605, -0.41723, -0.64736, -0.82928, -0.94947, -0.99896, -0.97408, -0.87668, -0.71401, -0.49819, -0.24527, 0.02592, 0.29517, 0.54244, 0.74933, 0.90043, 0.98450, 0.99526, 0.93193, 0.79921, 0.60699, 0.36958, 0.10466, -0.16806, -0.42826, -0.65659, -0.83602, -0.95322, -0.99944, -0.97126, -0.87076, -0.70544, -0.48759, -0.23345, 0.03808, 0.30678, 0.55263, 0.75734, 0.90566, 0.98656, 0.99400, 0.92745, 0.79184, 0.59728, 0.35825, 0.09254, -0.18005, -0.43923, -0.66572, -0.84264, -0.95683, -0.99978, -0.96829, -0.86471, -0.69676, -0.47693, -0.22159, 0.05024, 0.31834, 0.56273, 0.76523, 0.91076, 0.98847, 0.99260, 0.92282, 0.78434, 0.58747, 0.34685, 0.08042, -0.19201, -0.45014, -0.67475, -0.84913, -0.96029, -0.99996, -0.96518, -0.85854, -0.68797, -0.46619, -0.20970, 0.06240, 0.32986, 0.57275, 0.77301, 0.91572, 0.99024, 0.99105, 0.91807, 0.77673, 0.57757, 0.33541, 0.06828, -0.20394, -0.46097, -0.68369, -0.85550, -0.96362, -1.00000, -0.96192, -0.85223, -0.67909, -0.45539, -0.19779, 0.07454, 0.34132, 0.58269, 0.78068, 0.92054, 0.99187, 0.98935, 0.91317, 0.76901, 0.56759, 0.32392, 0.05613, -0.21584, -0.47174, -0.69252, -0.86174, -0.96680, -0.99988, -0.95852, -0.84580, -0.67010, -0.44452, -0.18584, 0.08668, 0.35274, 0.59254, 0.78823, 0.92523, 0.99334, 0.98750, 0.90814, 0.76117, 0.55753, 0.31238, 0.04397, -0.22771, -0.48244, -0.70125, -0.86785, -0.96984, -0.99962, -0.95498, -0.83924, -0.66102, -0.43358, -0.17386, 0.09880, 0.36410, 0.60230, 0.79566
];

end
