0.5577071938
-1.8999569791
-0.8998827265
-1.1071570474
0.9458848567
0.7067979497
1.5687182708
-1.6522446695
-0.3123127213
-1.8808111222
-1.1254481008
0.0214211524
-1.8938561213
-1.2046493973
0.5995377511
0.1797659224
-1.1182375118
0.3570627355
1.2377218267
-1.9740049613
1.2232770073
0.7925575800
-0.6389979339
-1.3780820008
1.8288522888
-0.6536218195
-1.6290166265
-1.6131344927
1.3899774654
0.4149041255
1.2285130931
0.9189271468
0.1449123658
1.8924630559
-0.4858624912
0.2081625251
1.3176186570
0.4740790095
1.4468276012
0.3094085810
0.8182873449
-1.8167024654
-1.0884068974
-0.8424481456
-1.6808320923
-1.0688364546
-1.5959942824
-0.8881055876
0.5427377771
-0.5406712841
-0.5192761315
-1.1619718769
-0.9320887118
1.7466183508
0.5921415410
0.4365240227
-1.3154454072
0.9165071918
-1.3463900250
-0.4821782330
1.9580934025
0.5599990394
0.2277989751
0.7384570040
1.3714076808
1.1039996462
-1.0838077121
-1.8715990244
-0.7381878078
-0.9290364961
-1.1560686257
1.7716388573
1.5054705059
-0.7412884768
0.6217546612
-0.4174723958
1.6581903590
-0.1645925897
-0.9404793340
-1.0134899692
0.2454725367
-0.9490335659
0.3383439609
1.5912915344
-0.4023979794
-1.1227169634
1.9901504260
0.0381051747
-1.6363623513
-1.8115344983
-1.5614034786
0.5097841668
1.1683174575
-0.3113601328
-1.7458891754
-0.4735228540
1.9844855210
0.1164573804
1.8843135105
1.4431188089
-1.9540759122
0.8828872774
0.7268414761
0.1478813216
-0.9326992402
0.5638471943
-1.5537913056
-0.2609389973
-0.1851051747
1.8152637101
1.5034117615
-0.9464437970
0.0023444522
-1.2853924779
1.6505113574
1.4820742793
-0.8062208342
0.5557979795
0.4358808458
-1.3886429258
1.0500432003
0.1575161205
1.1145059145
0.1214146888
-1.9977124155
-0.7033757720
-1.9220930305
1.7163944651
1.5148875113
1.3266621174
-0.7699434984
-1.7682993340
1.5120383968
1.7877977812
-1.6573861917
-0.0560381467
-1.7231499261
1.0424086610
1.0633377172
-1.4864341420
-0.0988704876
0.1992143740
-0.9397734842
1.4897321643
-0.3074482392
-1.1528071782
0.1571843551
0.9197242764
-1.1953957464
-0.7531348348
1.9805974266
0.5995122306
-0.2475996643
0.0703033641
-1.5159832165
-1.1012106519
-0.6476577514
0.3532348738
-1.0795410696
-1.1191304622
-1.7160276560
0.5244118291
-1.0842328648
1.6216800520
1.4385416010
-1.7165706004
-1.0479814625
0.6759111132
-1.1430527705
-1.4707526051
1.7420569623
0.2841723733
-0.1093158948
1.1384776972
1.2299879911
-1.2383603426
-1.6122767431
-0.2757952704
-0.3056855079
-0.1319013279
0.9163033978
0.6934581892
1.9366608455
-1.6063285154
-0.3895148716
-0.6427895784
1.4466901454
-1.0053746643
-1.2391643662
-0.2055458087
-0.3124734407
-0.8858194213
-1.0007742085
1.6930623971
-0.2274770198
1.4453964190
0.2013012498
-1.7976466819
1.9971298737
1.3441103403
1.8759850291
1.7054679320
1.3947829377
-1.3347555576
-0.0574354982
-1.1450108032
-0.3958388298
-1.7654584001
-0.4841075241
1.9412353751
-0.9391877673
1.1362824078
-0.1799665306
-0.3079700560
1.8292705634
1.9816907580
0.2230732936
0.8736331012
-1.3808126989
-0.8131686980
1.8748374599
0.3167211633
0.1687808055
0.9919022415
-1.7713389084
0.3367103778
0.0114015317
1.4108795682
-1.3702690882
1.8431156131
-1.6795541390
-1.2567001561
0.3801404258
0.7008502144
-1.0591844200
-1.5204535442
1.5611492565
-1.0151386088
0.3780766141
0.4775260413
-0.3231003387
0.3346891572
0.0911308621
1.7388250309
-1.1829632023
0.8647672032
-1.0452561895
-0.4168566128
0.6867608918
-0.8000116808
-0.7352912149
1.0074579697
-1.7098275420
-0.1668579095
1.9938177634
1.9843857914
-1.7069571156
-1.1473827509
-0.9391983410
1.7330375120
1.5234566947
1.5170809699
-0.5218916450
-1.3690126706
1.3349798186
0.8141597003
0.4467110629
1.9489322545
0.6159052708
-1.9687075714
1.2684165405
-0.8024849912
0.6535548599
1.7557200157
-1.4628355424
-1.5382853183
-1.5718560892
0.2128945635
-0.9106071507
0.4193193081
0.8704487486
-1.1856107507
0.5369518355
-0.9440643935
-0.0458725914
1.6213459643
1.3844148532
-1.6308061291
-0.3056969097
-0.8932791041
-1.9858172436
1.0844768921
0.5484535092
-0.9521789503
0.9649236334
0.2067216845
-0.2892523241
-1.9613212016
-1.6990245597
1.5324255732
1.6157142862
0.1823611568
1.3383800795
0.3300382660
-1.4076248577
-1.4902179229
-0.7669666003
1.5959259550
1.1844892196
1.4428103280
1.5956985461
-1.1596938466
-1.0018810431
-1.5888255133
1.1204649675
1.5365388058
-0.3744904407
0.4826460406
-1.3817866467
1.7195240628
1.4584227849
1.9048241317
1.2430868798
1.5256648187
-1.9008545524
0.9462578870
-0.6712581282
1.7232635442
1.2089405557
1.4562561135
1.2429972663
-0.9327771616
1.1494980365
-1.5676174944
1.4886671316
1.4343730054
-1.1102651298
1.2663464224
-0.1587870613
-0.7792365306
1.1813819966
-1.0896180504
-1.9053422612
-1.2274808467
-0.6869521952
1.4574117681
1.8675564162
-0.8835000291
0.5659269544
-0.4012864626
1.9245987488
0.1448629299
1.7569485613
-1.5386329926
1.8816024441
-1.2857287353
1.8501372630
-0.9381345499
-1.5663898111
-0.2617449657
0.9141802426
-0.7452907432
0.4248354132
0.0456922387
-0.4592182666
0.3063521740
-0.9811099754
0.8351411353
-1.9932348871
1.7023006620
0.1538079884
0.8777199966
0.9678003114
0.6825140177
-0.5431141129
-1.7201047555
0.6569507396
-0.6791998558
-0.7443374198
1.3920611180
0.8790170521
-0.7987109272
-0.7628613512
-0.3664283655
-0.3903984518
-0.8173791899
-1.4908488038
-0.3182146649
1.7614546829
0.7092717811
1.6112221829
0.4620596638
-0.7962005017
0.1917488525
-1.9983762412
-0.8523451325
-0.2804474000
0.3199391248
0.6188224948
-0.1400472390
-0.2313608028
-1.1451943960
-0.1072552564
1.6047233033
1.1840990405
-1.3212344152
-1.6608178531
0.0618080397
0.5317634231
-0.6592469784
1.2736938581
1.0045525502
0.6911826822
-1.1014373360
-1.2034802691
-1.9022984491
-1.0206298237
-0.0994546231
1.3989507785
-1.7086870833
-0.3422359560
0.5190615230
-1.2222590530
0.7854170020
-0.0224913240
-1.0240622417
0.6242320444
-1.9778207274
1.0038579065
1.0801847543
-1.5736508137
-0.2994152242
-1.2964532732
1.8318641691
0.0718310018
-1.7991264594
-1.0032068814
1.3933453894
-0.1741526981
1.2056664069
0.6703109303
1.9515698123
0.3818092739
1.8001584338
1.5657037032
0.4506092910
0.8770958451
0.0191126593
1.3222766789
0.1914878024
1.5888324129
0.9746217686
-0.1013022527
-0.9632338061
-1.0110410500
0.5506457471
1.0632547372
0.0851992513
0.5069937479
-0.9016102123
-1.6900665845
-0.8570873965
-0.9131395717
-0.7211617263
0.1606088901
-1.4465037539
-1.0749540811
0.7757992492
0.8256765668
-1.7430845971
-0.3696025213
0.1704445620
-0.3369030636
-1.1726624419
-0.3194259289
1.6193539134
0.3363176568
0.7820919460
1.4269281292
1.0623783045
-0.4784758843
-1.9764156657
-0.5929647893
1.0139005002
1.4137918023
1.8137213539
-0.3239148695
0.9900626759
0.1845292389
0.4130103558
-1.1178452227
-1.1223134615
-0.2566560958
-1.8839007202
-0.6554818252
0.7165675401
-0.3827333234
-1.3398210752
-0.1304394031
-1.4894888109
0.4890278439
-1.8921341924
-0.4239189746
0.2575679321
-1.8915918146
0.5709985920
-1.4572020511
-0.1532062238
-1.7988614660
-0.4835845432
-1.1533588632
-0.6926167805
1.0449188316
-0.4834951377
1.0080392942
1.3276971406
-0.9909138729
-1.6723750690
-1.9224668518
0.1576761917
1.9996313140
-0.6001586251
0.6005763730
1.1249321984
0.6070186210
1.0169328162
1.7984469309
-1.2025572705
-1.9184799307
-1.3904706169
-1.4951161005
0.6778353785
0.2558783277
-1.1281418364
0.7978598850
1.0675923934
-1.3288434265
0.4289899756
0.9917026078
-1.5418685145
1.2772046972
1.8588830921
-1.5676050014
-1.8972862980
-0.7521710224
0.7093891474
1.8326913528
-0.4133822339
0.8600588202
-1.6960140886
0.7624576637
0.5089695824
-1.5923947782
1.0899235398
1.4011729564
0.4016464593
-1.5157797397
1.9353774061
1.1305413854
-0.6111849388
-0.2864879471
-0.5177164951
0.0238431587
-0.6350753006
1.3983025080
1.2893236724
-1.5778445174
1.8431502689
0.5423404244
1.3148292440
0.8292345748
-0.2580514200
0.9351812161
1.8618949250
-0.9196704145
1.2327968752
0.1526916258
-0.0660099845
-0.2577020280
0.9241048572
-0.9264178478
1.4068526401
1.3229240756
-1.6533484078
1.5265247360
-1.0245462432
-0.1411661336
0.4413268169
-0.4840427835
-1.8852000089
1.4038113452
-1.2726405714
-1.1515205993
1.1913294273
-0.6386446273
1.5212799190
0.8047350013
-0.8949256970
-1.9593955422
1.7922503111
-1.6575481522
0.8802986564
-0.0456886126
1.0326586139
0.7624373578
0.5836115990
-0.0367146597
1.1717314725
-1.6277865978
-1.1136143981
0.7671486212
-0.7751758795
0.3262223413
-0.1069580450
0.1236877246
-0.2979847492
0.9837417469
-0.6768348112
0.8114197687
-0.9163342921
-0.9943852952
-1.5173764610
-1.2296628262
-1.5217810350
0.1434558615
1.0487584379
-1.2594006302
-1.1344614405
-0.0632056511
0.8983400044
1.9064280915
0.0985474764
-0.8680051869
-1.5978955676
-1.2235296876
-1.0900673461
-1.2822338253
-1.9434065310
0.1365403571
-0.9027546929
1.8971797244
0.2134358672
0.7896695716
-1.4948820282
1.4738447891
-0.0364852219
1.4908789400
0.2962568785
-0.1224122203
-0.2381248075
-1.2625453184
-1.7944931313
1.7642543871
-0.0890832509
1.2884625812
-0.3971702310
-1.7036713190
0.5177828278
-1.7855637028
-1.4032096621
0.2513583883
-0.7846579526
1.9756724908
-1.5261937512
1.0577737813
0.4252706050
1.1629633194
-1.0972514517
0.0902901405
-0.1979421404
-0.2291159839
1.4406666633
1.9601250419
-0.7784790227
0.4841092843
0.4385236490
0.9603572219
1.7903608013
-1.1688483767
-1.1558992188
0.6417125488
-1.3717716265
-1.3047458067
-1.6997405244
-1.9892971096
-0.1979851815
0.3752447805
-0.8349628439
-1.0740950618
0.8278233195
0.8119502324
-0.1838746944
0.7495396803
1.6956441779
1.1513121066
0.5002320287
0.6447321714
1.7346738338
-0.2994441356
0.1782495148
0.5905388936
1.6336457809
1.3065246386
-1.7143606526
-1.3363088431
-0.7695527495
0.9958308883
0.2768281973
-0.8455576468
-1.5025853673
0.7547119648
0.7989347399
1.7707049630
0.0018887085
-0.0248191226
-1.6782325924
-1.8405568633
-0.2718853434
-0.7107136666
-0.9985283904
-1.6346924535
1.8476444088
1.3438344556
0.3007964369
1.8031451112
1.9982896675
0.6891263372
-0.9219558961
-1.8390733074
1.0250753217
-0.1179967070
0.6060379577
1.6642911517
-1.2740434111
0.3413185011
0.5391388778
-0.0330967912
-1.6350303748
-0.6081557748
-0.6667664253
0.6805340381
1.4309323776
-0.6807853457
0.7746946959
-0.8471288186
1.7807741583
1.2542641390
0.2003864359
-0.1806963656
-0.7419313713
-0.7069048549
1.8807389072
-0.3832997720
0.0583850093
1.9524768591
0.6306415459
0.1703743774
-0.3470097168
-1.2496698344
-0.5528825634
1.0257726162
0.5016349686
1.0399621442
-1.1857670466
0.1968785563
1.7106910434
-0.2475356197
0.7930001165
-1.5142956665
1.8925872633
0.4354866683
-1.0428101507
-1.3664873448
0.2033560280
0.2090056362
-1.6271631949
1.9690285576
1.6517195139
-0.1542084233
-1.5301354036
1.3285726951
-0.0064979812
0.8664133040
0.0354880603
-0.9063004131
1.3388957823
1.9209785304
-1.0250763757
0.2050603075
-0.4656559470
1.6874725997
0.0329635664
1.5173050206
1.4561077377
-0.8950103887
1.1600247280
-0.3402303058
1.7369935747
0.0309507032
1.2821978927
-0.8686440669
-0.8057766009
0.3477508897
1.9956093329
-0.0414386134
-1.4056183265
0.1543223108
-0.6195042332
0.2076696683
0.1737202518
-0.1786215325
-0.7128905991
-1.2453905052
0.7899937105
0.2871905679
-1.0657502158
1.1021779004
-1.8254108036
0.9788206063
0.8209115241
1.2456356103
-0.4556849900
0.6547553179
1.2829902068
1.9232725546
-0.0186854015
-1.8519215546
0.0091646005
0.3607217172
1.4788012534
1.4967614962
-0.2387751609
0.1038043472
-0.1722877021
0.8897753103
-0.3600855210
0.6191253057
-1.3825551249
-0.1220375961
1.8768145223
-0.6457550638
0.7708183943
0.5993466103
1.4070611694
1.4093653463
1.4373687367
-0.4799624099
-0.7333553843
0.8748697009
1.0376072373
1.4895320696
-1.8564036006
-1.7263170113
0.5246440674
1.6837163951
1.9897036918
0.9870654670
-0.2641141123
-1.6062274945
0.5349913151
1.4903169304
-0.2252857934
0.7760046512
1.6136962482
-1.8160361253
1.1845738606
-0.8265288961
-0.5006356409
-1.4177208172
0.1246652726
0.2637122477
1.1700778955
-1.3200654037
-1.6841265974
1.4833583946
0.4788414741
-1.0366808326
1.6513160641
-1.4275291195
-0.1554003466
-0.9840906423
-0.9786931674
-1.9624102742
1.2185323079
1.6048376944
0.7104435428
-1.3680975117
-0.2330808656
-0.6177375022
0.3502868205
0.5557548094
-0.3027642462
-0.9996071024
1.3812157006
-1.2031320036
-0.4612270041
-0.0671677558
-1.0511771923
0.2876907694
0.2992477207
1.9707681745
-0.8190769845
1.9117779383
0.6329192637
-0.9020784793
0.2637160678
0.7431979709
0.9786753647
-1.8038229969
0.4256259723
-0.0130908539
1.6166211636
-0.8552233942
1.1954404780
0.4282599927
-0.5907161767
0.5464715120
0.4835646525
0.7110578345
0.8837135067
0.6367261613
1.3533484679
0.5129924147
1.6136148163
0.5853624356
-0.7642684642
-0.2367072393
0.3182952215
0.9294390718
-1.6394664970
-0.8195581935
0.9899234598
-1.2974397182
-1.4713608090
0.1576310359
1.8859583248
0.1234094948
1.6539478979
1.3218904783
-0.9721196617
1.2987592502
-0.0726086805
1.2259539752
0.9862374029
-0.6451389848
-1.5393211702
1.8515731715
-1.4369719400
1.8660008379
1.4405623876
0.8968668483
1.9197689711
1.8690789892
1.2183505761
-0.5368998024
1.1627278744
-1.9443253796
0.1462892331
-0.1808558891
0.6913135275
0.6893631894
0.3382403666
1.2896692049
1.7611675671
-1.5666155912
-1.0647123912
-1.8999014014
1.5369393809
0.2456295290
1.6610236350
-1.1145311997
-1.7471318354
1.2954214056
1.6375505537
-0.7912393019
-0.3668165768
-1.4408919500
1.7850461315
-0.7825416626
-0.0295015241
-1.6112320055
1.5490372341
-1.4573438052
-0.1854249724
0.6819448754
0.9725604861
1.7838963431
-0.3234929863
0.9690760591
-1.3819083904
-0.3404618903
-1.6039134612
-0.0426118488
-0.3675364572
1.8060861015
-1.8691348526
-0.5178801651
-0.2264676558
1.8022206794
1.4218007732
-1.6025815016
0.7427210619
0.1778634459
1.9113701178
-0.5653046352
-0.4074414290
-1.2407657514
-1.5113611237
1.3921327539
-0.1811305257
0.6510749522
0.5668178689
0.3885838381
-1.9145701811
1.1471783618
-1.0257244113
-1.4963044588
0.2583119036
-1.7255593887
1.0606295036
-1.1713705186
-1.1361945923
1.4787817071
-0.6857617863
-1.4097832802
1.6021241425
-1.9886577941
1.4336245055
-1.4212480787
-1.4800314742
-0.9973832131
-1.3020115164
0.6442305704
-1.8968794009
-1.9405586911
1.1599386569
-1.0482735756
-0.7049141522
-1.3030151944
-1.7904039286
0.9668722278
0.1043421064
0.9826611001
-0.0950161383
1.1120681573
0.0529518304
-1.5637839600
0.0153547591
1.7816625719
-1.8265398524
1.1329079839
1.4679236310
0.0858048589
-0.1678299116
1.8561047325
-1.7566983700
-0.0840723560
-0.3935309819
0.7443899842
-0.0389245834
1.6388033165
-1.7060371369
-1.6768380904
0.4331896945
-1.7372710667
-0.8999360018
0.5323068972
0.1934257362
-0.6992582267
1.9785110234
0.1222273497
-0.1851383297
0.4217071661
-1.6032861533
0.8071176742
1.4111709492
0.6036666595
1.0758509204
0.8833596666
-1.1399077347
-0.1937803361
-1.0860257025
-0.6442735247
-0.1860043884
-0.3360413990
-1.6196566429
-0.2929439750
0.6604314522
-0.5027959063
-1.3894443009
1.6919401429
-1.7314667675
1.3270875539
-1.6270795932
-1.6137422697
0.9551839940
1.2470771411
0.2254829425
0.3458603310
0.2463456560
-0.6814160743
-1.5110748586
-0.5856076815
0.6613620800
1.0011370010
1.4723685955
0.8842427150
1.8735945012
0.4016403649
-0.5934152572
0.3116740736
-1.1490447773
0.6269452120
-1.1030205236
-1.5671264723
1.3814936744
-0.5297557975
1.0504225277
0.2964000173
1.2288854846
1.3806206453
1.8981864085
1.2737074382
0.4542931221
0.5707966553
-1.8949846742
1.7163371640
1.3178431598
-0.9302090994
-1.2783357122
0.8107950915
-0.7640612447
-0.6407013729
-1.9755768424
1.4794508261
0.2652843790
-0.3968626240
-1.4325013834
0.5326880506
-1.8773716065
0.9844470480
-1.1394684799
-0.3206700249
-0.6364160729
-0.5197876301
0.8863838710
1.1073424799
0.2703742265
-1.6601718401
-1.7895646943
-1.3703604116
0.4713527277
0.6958748425
-0.9115886258
0.6477547712
-0.0573531804
-0.2318232532
-0.9073326225
1.0197725747
-1.5447299676
-0.2803454664
-0.8670141197
0.7139450190
-0.0534689865
0.6685302349
-1.8183305496
-0.4189464156
0.3972998278
-1.9692516564
-0.7943225519
-1.1550640831
-1.4510607790
-0.9779219839
-0.6875105762
-1.9690803737
0.9880564937
-1.2972207925
-0.4791702171
0.8146850535
0.0010493862
1.3334168097
1.2248007463
-1.7116980136
1.4470574481
-1.8307909537
-1.9250338537
1.6846497380
1.4484400544
0.3030366429
0.2935987235
0.8379958463
-0.3292241606
-1.5393065093
-1.9165737639
-0.7009272822
1.2052886172
0.4725010532
1.3281036523
1.6790790070
-1.6474804748
1.3779374393
-1.0267341007
0.3554851532
0.0958501720
-0.4169332126
-0.7589017527
-0.6419468754
-0.6677255100
-1.3274691678
0.0419331382
-1.5438934406
0.0398082493
1.6236909263
-0.6024989381
0.9095164227
1.2757944061
1.2601480230
-1.0549246042
-1.4142231269
-1.2109127887
0.4095959411
1.0408611822
0.6220360421
-1.2914154842
1.0913923570
-0.0235318999
1.0177833010
1.0395085984
-0.2043789720
1.6966170335
0.2579671336
0.5411932762
0.4980871178
1.4569874993
0.5088696276
-1.3961703944
-1.7268549660
-0.2311677447
-0.7887182594
-0.9013053301
-1.7753115191
0.0293475412
-0.7583685976
-0.1923445452
-1.7724397967
1.3267865267
-1.6930759953
1.4570001357
1.4211734858
0.4600335537
0.0282712693
-0.1491533643
0.2172654854
1.1672711891
1.5835070622
-0.2010651854
1.2392636708
0.6073498186
-0.7138929485
-0.0974838882
-1.3965556932
-1.7525051996
-1.5859924909
1.5965073358
-0.6262488966
0.8572621967
0.0181960060
-1.3097643543
-1.0090251056
-0.2489669028
-0.2423128329
0.0909921411
-1.3650151681
-0.5085920716
-0.8684256855
-0.3649224110
-0.6465314126
0.3915434495
1.1569077263
0.5892214279
0.0000000000
0.4696756093
0.9092148200
1.2906887187
1.5904095321
1.7906307832
1.8807814231
1.8581393132
1.7278949351
1.5026055796
1.2010894218
0.8468537923
0.4661889143
0.0860843700
-0.2678615082
-0.5733702883
-0.8130961767
-0.9757965923
-1.0569722799
-1.0589336756
-0.9902985131
-0.8649731635
-0.7007129600
-0.5173912162
-0.3351299513
-0.1724555697
-0.0446391029
0.0376365380
0.0691690420
0.0506143614
-0.0116800483
-0.1063686710
-0.2182645842
-0.3298556025
-0.4230448560
-0.4809609682
-0.4896764849
-0.4396805021
-0.3269719716
-0.1536721948
0.0719041218
0.3357336350
0.6190916064
0.9000030773
1.1550206125
1.3611821027
1.4979851274
1.5492110618
1.5044427740
1.3601436075
1.1202004199
0.7958768951
0.4051715669
-0.0283759995
-0.4773416945
-0.9124082105
-1.3045351141
-1.6271358860
-1.8580885604
-1.9814191840
-1.9885230824
-1.8788257794
-1.6598303343
-1.3465471676
-0.9603520706
-0.5273639756
-0.0764724205
0.3628276606
0.7626214161
1.0986067595
1.3518146584
1.5098838882
1.5677943218
1.5280076938
1.4000135643
1.1993268580
0.9460278485
0.6629721141
0.3738238118
0.1010784943
-0.1357593723
-0.3216938986
-0.4473273276
-0.5094362035
-0.5109931383
-0.4606407809
-0.3716713784
-0.2606073171
-0.1455117239
-0.0441807562
0.0276212619
0.0577269782
0.0387922489
-0.0309260889
-0.1473114630
-0.3006732923
-0.4765553084
-0.6569989972
-0.8221547333
-0.9521022602
-1.0287229378
-1.0374602930
-0.9688134166
-0.8194290316
-0.5926908615
-0.2987465471
0.0460406723
0.4201799030
0.7985987924
1.1545273050
1.4615689080
1.6957917888
1.8376693109
1.8737096293
1.7976384073
1.6110339520
1.3233579425
0.9513736517
0.5179931531
0.0506413765
-0.4207358094
-0.8658632907
-1.2563556622
-1.5677886602
-1.7814602586
-1.8857038358
-1.8766522106
-1.7583958952
-1.5425279559
-1.2471173591
-0.8951985325
-0.5129033375
-0.1273895661
0.2352648081
0.5520312869
0.8046070039
0.9806658048
1.0745892106
1.0876263793
1.0274802323
0.9073648489
0.7446230411
0.5590290555
0.3709266272
0.1993650555
0.0603945819
-0.0343326946
-0.0785375207
-0.0717823559
-0.0193971340
0.0681281087
0.1762274897
0.2877227823
0.3845355270
0.4494953181
0.4680830837
0.4299532382
0.3300970440
0.1695398326
-0.0444956400
-0.2989818204
-0.5760093477
-0.8541689371
-1.1102806215
-1.3213279345
-1.4664355533
-1.5287233519
-1.4968782541
-1.3663070914
-1.1397671034
-0.8274130165
-0.4462473290
-0.0190095554
0.4274133297
0.8639330316
1.2614103154
1.5928395289
1.8353933034
1.9721638391
1.9934609710
1.8975624858
1.6908560346
1.3873608525
1.0076673534
0.5773793993
0.1251838325
-0.3192985828
-0.7277097236
-1.0750241675
-1.3413300165
-1.5131822835
-1.5844263491
-1.5564329097
-1.4377342933
-1.2431010018
-0.9921427801
-0.7075566770
-0.4131723001
-0.1319595345
0.1158348155
0.3142677114
0.4528696314
0.5273112013
0.5395181005
0.4972330455
0.4130708666
0.3031557500
0.1854649834
0.0780280708
-0.0028581850
-0.0442400591
-0.0377997587
0.0192844024
0.1239879817
0.2676336657
0.4366136838
0.6135811266
0.7790088024
0.9129816966
0.9970678298
1.0161041992
0.9597402542
0.8236005665
0.6099594398
0.3278605935
-0.0073386164
-0.3749705685
-0.7505340483
-1.1075293819
-1.4195059569
-1.6621567645
-1.8152889318
-1.8645076990
-1.8024732833
-1.6296238000
-1.3543001232
-0.9922567605
-0.5655925318
-0.1011819667
0.3712710032
0.8214046580
1.2204255669
1.5432137540
1.7701413352
1.8884622438
1.8931654774
1.7872277935
1.5812503972
1.2925138652
0.9435322704
0.5602273516
0.1698733613
-0.2010195031
-0.5287118074
-0.7939711911
-0.9834016544
-1.0902642316
-1.1147306584
-1.0635593723
-0.9492314451
-0.7886288133
-0.6013747053
-0.4079833679
-0.2279808158
-0.0781592046
0.0288854735
0.0858082065
0.0910740987
0.0489769782
-0.0308803475
-0.1345952973
-0.2453728408
-0.3452050278
-0.4166730261
-0.4447110217
-0.4181741425
-0.3310689155
-0.1833332924
0.0189084154
0.2636454857
0.5338177672
0.8086254493
1.0652061448
1.2805412675
1.4334325915
1.5063820738
1.4872142195
1.3703000124
1.1572731463
0.8571703587
0.4859747266
0.0655899213
-0.3776794320
-0.8150249182
-1.2172607751
-1.5570115382
-1.8107866875
-1.9607762333
-1.9962229394
-1.9142605011
-1.7201497276
-1.4268931108
-1.0542581365
-0.6272871879
-0.1744130156
0.2746698790
0.6912085476
1.0494949888
1.3287041087
1.5143232669
1.5990645610
1.5831938613
1.4742586359
1.2862458051
1.0382471701
0.7527495405
0.4536962899
0.1644842920
-0.0939363595
-0.3047029719
-0.4562879063
-0.5432545337
-0.5664653972
-0.5327335666
-0.4539557184
-0.3458094858
-0.2261343922
-0.1131421329
-0.0236158804
0.0287414746
0.0346636847
-0.0097383849
-0.1025363940
-0.2360849839
-0.3976567255
-0.5705586514
-0.7356352989
-0.8730290273
-0.9640451297
-0.9929589342
-0.9486056068
-0.8256104650
-0.6251469120
-0.3551481697
-0.0299445837
0.3306534152
0.7027596309
1.0601949340
1.3765069279
1.6270634504
1.7910490048
1.8531994557
1.8051302381
1.6461453368
1.3834557698
1.0317838697
0.6123793842
0.1515212022
-0.3213795704
-0.7759269005
-1.1829686652
-1.5167314374
-1.7566931370
-1.8890466763
-1.9076408819
-1.8143273320
-1.6186898255
-1.3371830203
-0.9917542545
-0.6080637861
-0.2134502798
0.1651922384
0.5034541014
0.7812030705
0.9839893607
1.1039546876
1.1401795485
1.0984502555
0.9904757199
0.8326296127
0.6443324798
0.4462174582
0.2582400150
0.0978952638
-0.0213043054
-0.0909614665
-0.1084425342
-0.0769889387
-0.0052864706
0.0934663804
0.2029061643
0.3051473701
0.3825738742
0.4196191846
0.4043762833
0.3298920722
0.1950281010
0.0048061608
-0.2297986490
-0.4926073293
-0.7634719699
-1.0198971315
-1.2389142953
-1.3990529791
-1.4822420974
-1.4754790878
-1.3721219594
-1.1726893398
-0.8850933511
-0.5242764650
-0.1112725317
0.3282401124
0.7657831678
1.1721766865
1.5197254724
1.7843194947
1.9472801319
1.9968037520
1.9288860256
1.7476518714
1.4650636295
1.1000300415
0.6769867768
0.2240616156
-0.2290294827
-0.6531880600
-1.0220657767
-1.3139559849
-1.5132967974
-1.6116706670
-1.6082272096
-1.5095034959
-1.3286653562
-1.0842403029
-0.7984535967
-0.4953103906
-0.1985862245
0.0701061425
0.2930138970
0.4575672631
0.5572234519
0.5917679933
0.5670566250
0.4942286930
0.3884678866
0.2674243237
0.1494403164
0.0517382121
-0.0112688028
-0.0293933207
0.0023078043
0.0830038784
0.2060978960
0.3597726516
0.5280299897
0.6921346190
0.8323382394
0.9297345628
0.9680833001
0.9354424388
0.8254630976
0.6382286860
0.3805577714
0.0657348102
-0.2873189866
-0.6553749503
-1.0126239366
-1.3326640127
-1.5905885558
-1.7650043500
-1.8398132508
-1.8056087851
-1.6605692762
-1.4107692401
-1.0698776253
-0.6582611014
-0.2015589504
0.2711608082
0.7295201900
1.1440584763
1.4883924396
1.7411393692
1.8874518367
1.9200445698
1.8396349268
1.6547659043
1.3810304443
1.0397639424
0.6563143321
0.2580324544
-0.1278531037
-0.4763046302
-0.7663215979
-0.9824187943
-1.1156222136
-1.1639096564
-1.1320697581
-1.0310017643
-0.8765247578
-0.6878053353
-0.4855435989
-0.2900762232
-0.1195607471
0.0116032761
0.0939822849
0.1238448008
0.1033658892
0.0402865640
-0.0529380096
-0.1604233847
-0.2644581394
-0.3472804150
-0.3928701942
-0.3885971185
-0.3265756765
-0.2046043576
-0.0266007848
0.1975120685
0.4524663377
0.7188069736
0.9744540029
1.1965409983
1.3633764049
1.4563621621
1.4617057409
1.3717772077
1.1859909924
0.9111303943
0.5610783427
0.1559667766
-0.2791948252
-0.7163077755
-1.1262502371
-1.4810580145
-1.7560465005
-1.9317038293
-1.9952028592
-1.9414097113
-1.7733067702
-1.5017950147
-1.1448904380
-0.7263780330
-0.2740303563
0.1824675244
0.6137217222
0.9927871916
1.2971092770
1.5100975078
1.6222107521
1.6314733266
1.5433885149
1.3702652789
1.1300216672
0.8445705944
0.5379268165
0.2341953422
-0.0443905144
-0.2792193280
-0.4566974630
-0.5691794955
-0.6153624221
-0.6001190513
-0.5337938678
-0.4310302915
-0.3092377887
-0.1868374071
-0.0814424902
-0.0081360720
0.0220026160
0.0029921878
-0.0654334225
-0.1777396351
-0.3230473245
-0.4860924610
-0.6486074095
-0.7910048982
-0.8942186293
-0.9415398383
-0.9202881064
-0.8231675116
-0.6491847413
-0.4040419793
-0.0999612021
0.2450556700
0.6084785399
0.9649168419
1.2880711941
1.5528117449
1.7372136595
1.8243819016
1.8039131245
1.6728708486
1.4361888609
1.1064637628
0.7031470270
0.2511957310
-0.2207147160
-0.6822766970
-1.1037716470
-1.4582514855
-1.7235082668
-1.8836771143
-1.9303471372
-1.8630948375
-1.6894012122
-1.4239635008
-1.0874612185
-0.7048797544
-0.3035298161
0.0890754817
0.4473139647
0.7493503121
0.9786844995
1.1252328181
1.1858612973
1.1643374902
1.0707151998
0.9202137664
0.7316950802
0.5258740912
0.3234195598
0.1431094285
0.0001989032
-0.0948602959
-0.1372423229
-0.1280442684
-0.0740366963
0.0131061413
0.1180251617
0.2232342882
0.3108777934
0.3645302732
0.3708784146
0.3211335477
0.2120467774
0.0464323419
-0.1668530891
-0.4134807445
-0.6747278415
-0.9289774358
0.0000000000
0.4696756093
0.9092148200
1.2906887187
1.5904095321
1.7906307832
1.8807814231
1.8581393132
1.7278949351
1.5026055796
1.2010894218
0.8468537923
0.4661889143
0.0860843700
-0.2678615082
-0.5733702883
-0.8130961767
-0.9757965923
-1.0569722799
-1.0589336756
-0.9902985131
-0.8649731635
-0.7007129600
-0.5173912162
-0.3351299513
-0.1724555697
-0.0446391029
0.0376365380
0.0691690420
0.0506143614
-0.0116800483
-0.1063686710
-0.2182645842
-0.3298556025
-0.4230448560
-0.4809609682
-0.4896764849
-0.4396805021
-0.3269719716
-0.1536721948
0.0719041218
0.3357336350
0.6190916064
0.9000030773
1.1550206125
1.3611821027
1.4979851274
1.5492110618
1.5044427740
1.3601436075
1.1202004199
0.7958768951
0.4051715669
-0.0283759995
-0.4773416945
-0.9124082105
-1.3045351141
-1.6271358860
-1.8580885604
-1.9814191840
-1.9885230824
-1.8788257794
-1.6598303343
-1.3465471676
-0.9603520706
-0.5273639756
-0.0764724205
0.3628276606
0.7626214161
1.0986067595
1.3518146584
1.5098838882
1.5677943218
1.5280076938
1.4000135643
1.1993268580
0.9460278485
0.6629721141
0.3738238118
0.1010784943
-0.1357593723
-0.3216938986
-0.4473273276
-0.5094362035
-0.5109931383
-0.4606407809
-0.3716713784
-0.2606073171
-0.1455117239
-0.0441807562
0.0276212619
0.0577269782
0.0387922489
-0.0309260889
-0.1473114630
-0.3006732923
-0.4765553084
-0.6569989972
-0.8221547333
-0.9521022602
-1.0287229378
-1.0374602930
-0.9688134166
-0.8194290316
-0.5926908615
-0.2987465471
0.0460406723
0.4201799030
0.7985987924
1.1545273050
1.4615689080
1.6957917888
1.8376693109
1.8737096293
1.7976384073
1.6110339520
1.3233579425
0.9513736517
0.5179931531
0.0506413765
-0.4207358094
-0.8658632907
-1.2563556622
-1.5677886602
-1.7814602586
-1.8857038358
-1.8766522106
-1.7583958952
-1.5425279559
-1.2471173591
-0.8951985325
-0.5129033375
-0.1273895661
0.2352648081
0.5520312869
0.8046070039
0.9806658048
1.0745892106
1.0876263793
1.0274802323
0.9073648489
0.7446230411
0.5590290555
0.3709266272
0.1993650555
0.0603945819
-0.0343326946
-0.0785375207
-0.0717823559
-0.0193971340
0.0681281087
0.1762274897
0.2877227823
0.3845355270
0.4494953181
0.4680830837
0.4299532382
0.3300970440
0.1695398326
-0.0444956400
-0.2989818204
-0.5760093477
-0.8541689371
-1.1102806215
-1.3213279345
-1.4664355533
-1.5287233519
-1.4968782541
-1.3663070914
-1.1397671034
-0.8274130165
-0.4462473290
-0.0190095554
0.4274133297
0.8639330316
1.2614103154
1.5928395289
1.8353933034
1.9721638391
1.9934609710
1.8975624858
1.6908560346
1.3873608525
1.0076673534
0.5773793993
0.1251838325
-0.3192985828
-0.7277097236
-1.0750241675
-1.3413300165
-1.5131822835
-1.5844263491
-1.5564329097
-1.4377342933
-1.2431010018
-0.9921427801
-0.7075566770
-0.4131723001
-0.1319595345
0.1158348155
0.3142677114
0.4528696314
0.5273112013
0.5395181005
0.4972330455
0.4130708666
0.3031557500
0.1854649834
0.0780280708
-0.0028581850
-0.0442400591
-0.0377997587
0.0192844024
0.1239879817
0.2676336657
0.4366136838
0.6135811266
0.7790088024
0.9129816966
0.9970678298
1.0161041992
0.9597402542
0.8236005665
0.6099594398
0.3278605935
-0.0073386164
-0.3749705685
-0.7505340483
-1.1075293819
-1.4195059569
-1.6621567645
-1.8152889318
-1.8645076990
-1.8024732833
-1.6296238000
-1.3543001232
-0.9922567605
-0.5655925318
-0.1011819667
0.3712710032
0.8214046580
1.2204255669
1.5432137540
1.7701413352
1.8884622438
1.8931654774
1.7872277935
1.5812503972
1.2925138652
0.9435322704
0.5602273516
0.1698733613
-0.2010195031
-0.5287118074
-0.7939711911
-0.9834016544
-1.0902642316
-1.1147306584
-1.0635593723
-0.9492314451
-0.7886288133
-0.6013747053
-0.4079833679
-0.2279808158
-0.0781592046
0.0288854735
0.0858082065
0.0910740987
0.0489769782
-0.0308803475
-0.1345952973
-0.2453728408
-0.3452050278
-0.4166730261
-0.4447110217
-0.4181741425
-0.3310689155
-0.1833332924
0.0189084154
0.2636454857
0.5338177672
0.8086254493
1.0652061448
1.2805412675
1.4334325915
1.5063820738
1.4872142195
1.3703000124
1.1572731463
0.8571703587
0.4859747266
0.0655899213
-0.3776794320
-0.8150249182
-1.2172607751
-1.5570115382
-1.8107866875
-1.9607762333
-1.9962229394
-1.9142605011
-1.7201497276
-1.4268931108
-1.0542581365
-0.6272871879
-0.1744130156
0.2746698790
0.6912085476
1.0494949888
1.3287041087
1.5143232669
1.5990645610
1.5831938613
1.4742586359
1.2862458051
1.0382471701
0.7527495405
0.4536962899
0.1644842920
-0.0939363595
-0.3047029719
-0.4562879063
-0.5432545337
-0.5664653972
-0.5327335666
-0.4539557184
-0.3458094858
-0.2261343922
-0.1131421329
-0.0236158804
0.0287414746
0.0346636847
-0.0097383849
-0.1025363940
-0.2360849839
-0.3976567255
-0.5705586514
-0.7356352989
-0.8730290273
-0.9640451297
-0.9929589342
-0.9486056068
-0.8256104650
-0.6251469120
-0.3551481697
-0.0299445837
0.3306534152
0.7027596309
1.0601949340
1.3765069279
1.6270634504
1.7910490048
1.8531994557
1.8051302381
1.6461453368
1.3834557698
1.0317838697
0.6123793842
0.1515212022
-0.3213795704
-0.7759269005
-1.1829686652
-1.5167314374
-1.7566931370
-1.8890466763
-1.9076408819
-1.8143273320
-1.6186898255
-1.3371830203
-0.9917542545
-0.6080637861
-0.2134502798
0.1651922384
0.5034541014
0.7812030705
0.9839893607
1.1039546876
1.1401795485
1.0984502555
0.9904757199
0.8326296127
0.6443324798
0.4462174582
0.2582400150
0.0978952638
-0.0213043054
-0.0909614665
-0.1084425342
-0.0769889387
-0.0052864706
0.0934663804
0.2029061643
0.3051473701
0.3825738742
0.4196191846
0.4043762833
0.3298920722
0.1950281010
0.0048061608
-0.2297986490
-0.4926073293
-0.7634719699
-1.0198971315
-1.2389142953
-1.3990529791
-1.4822420974
-1.4754790878
-1.3721219594
-1.1726893398
-0.8850933511
-0.5242764650
-0.1112725317
0.3282401124
0.7657831678
1.1721766865
1.5197254724
1.7843194947
1.9472801319
1.9968037520
1.9288860256
1.7476518714
1.4650636295
1.1000300415
0.6769867768
0.2240616156
-0.2290294827
-0.6531880600
-1.0220657767
-1.3139559849
-1.5132967974
-1.6116706670
-1.6082272096
-1.5095034959
-1.3286653562
-1.0842403029
-0.7984535967
-0.4953103906
-0.1985862245
0.0701061425
0.2930138970
0.4575672631
0.5572234519
0.5917679933
0.5670566250
0.4942286930
0.3884678866
0.2674243237
0.1494403164
0.0517382121
-0.0112688028
-0.0293933207
0.0023078043
0.0830038784
0.2060978960
0.3597726516
0.5280299897
0.6921346190
0.8323382394
0.9297345628
0.9680833001
0.9354424388
0.8254630976
0.6382286860
0.3805577714
0.0657348102
-0.2873189866
-0.6553749503
-1.0126239366
-1.3326640127
-1.5905885558
-1.7650043500
-1.8398132508
-1.8056087851
-1.6605692762
-1.4107692401
-1.0698776253
-0.6582611014
-0.2015589504
0.2711608082
0.7295201900
1.1440584763
1.4883924396
1.7411393692
1.8874518367
1.9200445698
1.8396349268
1.6547659043
1.3810304443
1.0397639424
0.6563143321
0.2580324544
-0.1278531037
-0.4763046302
-0.7663215979
-0.9824187943
-1.1156222136
-1.1639096564
-1.1320697581
-1.0310017643
-0.8765247578
-0.6878053353
-0.4855435989
-0.2900762232
-0.1195607471
0.0116032761
0.0939822849
0.1238448008
0.1033658892
0.0402865640
-0.0529380096
-0.1604233847
-0.2644581394
-0.3472804150
-0.3928701942
-0.3885971185
-0.3265756765
-0.2046043576
-0.0266007848
0.1975120685
0.4524663377
0.7188069736
0.9744540029
1.1965409983
1.3633764049
1.4563621621
1.4617057409
1.3717772077
1.1859909924
0.9111303943
0.5610783427
0.1559667766
-0.2791948252
-0.7163077755
-1.1262502371
-1.4810580145
-1.7560465005
-1.9317038293
-1.9952028592
-1.9414097113
-1.7733067702
-1.5017950147
-1.1448904380
-0.7263780330
-0.2740303563
0.1824675244
0.6137217222
0.9927871916
1.2971092770
1.5100975078
1.6222107521
1.6314733266
1.5433885149
1.3702652789
1.1300216672
0.8445705944
0.5379268165
0.2341953422
-0.0443905144
-0.2792193280
-0.4566974630
-0.5691794955
-0.6153624221
-0.6001190513
-0.5337938678
-0.4310302915
-0.3092377887
-0.1868374071
-0.0814424902
-0.0081360720
0.0220026160
0.0029921878
-0.0654334225
-0.1777396351
-0.3230473245
-0.4860924610
-0.6486074095
-0.7910048982
-0.8942186293
-0.9415398383
-0.9202881064
-0.8231675116
-0.6491847413
-0.4040419793
-0.0999612021
0.2450556700
0.6084785399
0.9649168419
1.2880711941
1.5528117449
1.7372136595
1.8243819016
1.8039131245
1.6728708486
1.4361888609
1.1064637628
0.7031470270
0.2511957310
-0.2207147160
-0.6822766970
-1.1037716470
-1.4582514855
-1.7235082668
-1.8836771143
-1.9303471372
-1.8630948375
-1.6894012122
-1.4239635008
-1.0874612185
-0.7048797544
-0.3035298161
0.0890754817
0.4473139647
0.7493503121
0.9786844995
1.1252328181
1.1858612973
1.1643374902
1.0707151998
0.9202137664
0.7316950802
0.5258740912
0.3234195598
0.1431094285
0.0001989032
-0.0948602959
-0.1372423229
-0.1280442684
-0.0740366963
0.0131061413
0.1180251617
0.2232342882
0.3108777934
0.3645302732
0.3708784146
0.3211335477
0.2120467774
0.0464323419
-0.1668530891
-0.4134807445
-0.6747278415
-0.9289774358
0.0000000000
0.4223889760
0.8183441708
1.1634741089
1.4373044515
1.6248318063
1.7176296682
1.7144168748
1.6210436330
1.4498985446
1.2187881070
0.9493838750
0.6653681995
0.3904342365
0.1463076700
-0.0490446385
-0.1828698982
-0.2486278456
-0.2464502652
-0.1830248188
-0.0709148520
0.0726257387
0.2272410595
0.3713297624
0.4840115987
0.5470367041
0.5464750639
0.4740419691
0.3279457328
0.1131839576
-0.1587391352
-0.4706532216
-0.8010522926
-1.1258057945
-1.4201091737
-1.6605121337
-1.8268560193
-1.9039589205
-1.8829077309
-1.7618488022
-1.5462102972
-1.2483364057
-0.8865623377
-0.4838053651
-0.0657872957
0.3409657169
0.7111817479
1.0227910655
1.2586038380
1.4075805635
1.4655922076
1.4356095912
1.3273091202
1.1561305161
0.9418677530
0.7069131173
0.4743029632
0.2657299499
0.0996889657
-0.0100876210
-0.0557743258
-0.0360809996
0.0436866488
0.1721386307
0.3328403506
0.5057918899
0.6692213612
0.8015402568
0.8832949237
0.8989484078
0.8383409155
0.6977038712
0.4801397876
0.1955247804
-0.1401611519
-0.5060230507
-0.8778625516
-1.2300799754
-1.5377103218
-1.7784250334
-1.9343339058
-1.9934378286
-1.9506118053
-1.8080365080
-1.5750422604
-1.2673779905
-0.9059653064
-0.5152404540
-0.1212209619
0.2505435690
0.5769676997
0.8392092653
1.0240855633
1.1250112874
1.1423829212
1.0833805866
0.9612069805
0.7938299811
0.6023368300
0.4090400611
0.2354958461
0.1006024716
0.0189396477
-0.0005111147
0.0448429710
0.1509713180
0.3075611273
0.4989057841
0.7052657840
0.9045876104
1.0744356937
1.1939744142
1.2458325946
1.2176924397
1.1034676356
0.9039694249
0.6270020786
0.2868767392
-0.0966188604
-0.4997118401
-0.8964752317
-1.2608486161
-1.5686822860
-1.7996366887
-1.9387807075
-1.9777571770
-1.9154198161
-1.7578895246
-1.5180260796
-1.2143596738
-0.8695714261
-0.5086492435
-0.1568721126
0.1622101642
0.4286347631
0.6275680441
0.7504057060
0.7953416024
0.7673605146
0.6776584409
0.5425418728
0.3819010868
0.2173880384
0.0704540465
-0.0395859664
-0.0972983128
-0.0925362688
-0.0213871107
0.1134205007
0.3026843162
0.5314585851
0.7802861792
1.0268301489
1.2477683288
1.4207922148
1.5265422193
1.5503163276
1.4834077383
1.3239577179
1.0772500930
0.7554201786
0.3765996457
-0.0364342182
-0.4579951026
-0.8614681861
-1.2213722408
-1.5153341131
-1.7258135518
-1.8414370175
-1.8578315301
-1.7778910832
-1.6114552236
-1.3744281297
-1.0874128686
-0.7739755932
-0.4586849331
-0.1650901795
0.0861934406
0.2791334629
0.4035265279
0.4557400090
0.4388890535
0.3624366145
0.2412524920
0.0942127852
-0.0575403057
-0.1925299319
-0.2909028937
-0.3362481544
-0.3171206932
-0.2281405638
-0.0705726908
0.1476634597
0.4125572976
0.7050983946
1.0028059689
1.2815699210
1.5176503458
1.6896687889
1.7804247854
1.7783853878
1.6787222899
1.4838085481
1.2031316667
0.8526282256
0.4534932454
0.0305611028
-0.3896096060
-0.7807902806
-1.1191071141
-1.3848704656
-1.5640591019
-1.6493383424
-1.6405299359
-1.5444970919
-1.3744567001
-1.1487783189
-0.8893720575
-0.6198014468
-0.3632799788
-0.1407192991
0.0310076902
0.1404439402
0.1824511611
0.1585641277
0.0767681931
-0.0492796460
-0.2015189814
-0.3591352185
-0.5004494207
-0.6048881068
-0.6548655130
-0.6374180492
-0.5454513473
-0.3784926772
-0.1428829005
0.1486109208
0.4777325655
0.8221475016
1.1572118422
1.4579534720
1.7011013281
1.8669944088
1.9412117215
1.9157872661
1.7899083866
1.5700385453
1.2694532422
0.9072264204
0.5067502309
0.0939096735
-0.3049378373
-0.6650118844
-0.9650191183
-1.1887674449
-1.3263525889
-1.3748210332
-1.3382570413
-1.2272894770
-1.0580624568
-0.8507584510
-0.6277995845
-0.4118794738
-0.2239917633
-0.0816214347
0.0027490189
0.0226931660
-0.0216342397
-0.1235442262
-0.2704281018
-0.4448871185
-0.6262815223
-0.7925678237
-0.9222687224
-0.9964087534
-1.0002513410
-0.9246893400
-0.7671699412
-0.5320736244
-0.2305124102
0.1204388098
0.4990166460
0.8804456927
1.2388797431
1.5494480052
1.7902375276
1.9440480382
1.9997740466
1.9532997969
1.8078329365
1.5736492223
1.2672693500
0.9101359993
0.5269005236
0.1434609231
-0.2150868438
-0.5264152486
-0.7726874749
-0.9418944196
-1.0286976048
-1.0347105966
-0.9681985032
-0.8432237468
-0.6783125202
-0.4947562743
-0.3146929217
-0.1591306366
-0.0460816780
0.0110358174
0.0045928424
-0.0665598710
-0.1969643136
-0.3750019762
-0.5838777974
-0.8030588508
-1.0100469444
-1.1823360087
-1.2993893334
-1.3444696937
-1.3061673709
-1.1794960159
-0.9664621602
-0.6760579479
-0.3236746969
0.0700168084
0.4806288798
0.8819349045
1.2479088671
1.5547589022
1.7827876590
1.9179264749
1.9528173029
1.8873537721
1.7286375690
1.4903547627
1.1916247340
0.8554179926
0.5066747484
0.1702806760
-0.1309321669
-0.3779937925
-0.5572649124
-0.6614452492
-0.6900397676
-0.6492465677
-0.5512786738
-0.4131793633
-0.2552330552
-0.0991075748
0.0341139924
0.1258445206
0.1616847042
0.1327516512
0.0365308930
-0.1228214061
-0.3347530043
-0.5831453284
-0.8476300776
-1.1052832784
-1.3325554406
-1.5072763208
-1.6105661528
-1.6284926075
-1.5533336002
-1.3843386236
-1.1279228448
-0.7972752990
-0.4114112105
0.0062552900
0.4297018544
0.8323055431
1.1889028142
1.4777328891
1.6821051499
1.7916541162
1.8030797899
1.7203138797
1.5541000676
1.3210250832
1.0420828441
0.7408925304
0.4417199457
0.1674675297
-0.0621994216
-0.2324345635
-0.3343693640
-0.3657537490
-0.3310268984
-0.2408144692
-0.1108967067
0.0392636760
0.1883080183
0.3149304167
0.3998227794
0.4274506886
0.3875087015
0.2759305957
0.0953673874
-0.1449093861
-0.4296733763
-0.7389245565
-1.0494888289
-1.3369038311
-1.5774343754
-1.7500497130
-1.8381975805
-1.8312265381
-1.7253370619
-1.5239808079
-1.2376731703
-0.8832329030
-0.4825101049
-0.0607063241
0.3555756303
0.7403921854
1.0704607403
1.3269385473
1.4968332676
1.5739304487
1.5591634087
1.4603974256
1.2916488331
1.0718065621
0.8229649154
0.5685084966
0.3311105390
0.1308127172
-0.0166526919
-0.1011580959
-0.1189854916
-0.0730745296
0.0273058114
0.1674329706
0.3284789319
0.4892159221
0.6279347359
0.7244127530
0.7617643893
0.7280164160
0.6172734948
0.4303734900
0.1749747813
-0.1349346562
-0.4800681851
-0.8373279199
-1.1816267029
-1.4878944800
-1.7331031706
-1.8981422082
-1.9693890058
-1.9398436632
-1.8097332043
-1.5865345158
-1.2844132847
-0.9231246106
-0.5264655437
-0.1204068723
0.2689420415
0.6173679106
0.9044204578
1.1149586187
1.2402499041
1.2785341948
1.2350079777
1.1212333833
0.9540243157
0.7539054733
0.5432755166
0.3444300823
0.1776117445
0.0592514294
0.0005494265
0.0065153797
0.0755478955
0.1995889157
0.3648395752
0.5529769582
0.7427689294
0.9119505929
1.0392037337
1.1060716803
1.0986471522
1.0088893899
0.8354576548
0.5839884580
0.2667902760
-0.0980218467
-0.4878825703
-0.8775130669
-1.2408960726
-1.5533267799
-1.7933705665
-1.9445660334
-1.9967327452
-1.9467757109
-1.7989202721
-1.5643582221
-1.2603347315
-0.9087519301
-0.5344049528
-0.1629965473
0.1809055388
0.4757997438
0.7049114196
0.8574469274
0.9293391097
0.9234247956
0.8490425478
0.7210873373
0.5586041902
0.3830412967
0.2163114010
0.0788261334
-0.0123300134
-0.0449312906
-0.0127180092
0.0840145285
0.2383959035
0.4375317794
0.6635808149
0.8952673479
1.1097030945
1.2843648801
1.3990619927
1.4377272372
1.3898801466
1.2516378793
1.0261868398
0.7236728780
0.3605163157
-0.0417940306
-0.4583302035
-0.8626448472
-1.2288240424
-1.5335047008
-1.7576907810
-1.8882191647
-1.9187550230
-1.8502354869
-1.6907261665
-1.4547037189
-1.1618252050
-0.8352874158
-0.4999131752
-0.1801240025
0.1020324040
0.3286363786
0.4872873184
0.5720173306
0.5836534754
0.5296008956
0.4230677099
0.2817993349
0.1264309798
-0.0214009965
-0.1410280410
-0.2146312069
-0.2288757250
-0.1761590937
-0.0553659394
0.1279356414
0.3618745838
0.6292040038
0.9086987639
1.1769075356
1.4101134179
1.5863393277
1.6872302181
1.6996540528
1.6168865565
1.4392791480
1.1743522845
0.8363041267
0.4449730016
0.0243375436
-0.3993231592
-0.7994587963
-1.1513000660
-1.4337655979
-1.6310673299
-1.7338831694
-1.7400017279
-1.6543877865
-1.4886652538
-1.2600627133
-0.9899111884
-0.7018207735
-0.4196891948
-0.1657089872
0.0414603349
0.1882029388
0.2670148910
0.2770420079
0.2240440804
0.1197904637
-0.0190601818
-0.1724998706
-0.3189995979
-0.4374703340
-0.5091898852
-0.5195315984
-0.4593474461
-0.3258869610
-0.1231723761
0.1382040802
0.4418462945
0.7668220192
1.0893282842
1.3846169270
1.6290205946
1.8019107770
1.8874246889
1.8758167019
1.7643209616
1.5574522338
1.2667185512
0.9097679791
0.5090387432
0.0900231384
-0.3207123698
-0.6975882810
-1.0179852445
-1.2639675456
-1.4236160529
-1.4918623865
-1.4707576561
-1.3691562167
-1.2018435615
-0.9881836698
-0.7504009820
-0.5116423700
-0.2939824945
-0.1165402848
0.0061354067
0.0652758204
0.0585970147
-0.0095590410
-0.1286578593
-0.2829427953
-0.4528596408
0.0000000000
0.4696756093
0.9092148200
1.2906887187
1.5904095321
1.7906307832
1.8807814231
1.8581393132
1.7278949351
1.5026055796
1.2010894218
0.8468537923
0.4661889143
0.0860843700
-0.2678615082
-0.5733702883
-0.8130961767
-0.9757965923
-1.0569722799
-1.0589336756
-0.9902985131
-0.8649731635
-0.7007129600
-0.5173912162
-0.3351299513
-0.1724555697
-0.0446391029
0.0376365380
0.0691690420
0.0506143614
-0.0116800483
-0.1063686710
-0.2182645842
-0.3298556025
-0.4230448560
-0.4809609682
-0.4896764849
-0.4396805021
-0.3269719716
-0.1536721948
0.0719041218
0.3357336350
0.6190916064
0.9000030773
1.1550206125
1.3611821027
1.4979851274
1.5492110618
1.5044427740
1.3601436075
1.1202004199
0.7958768951
0.4051715669
-0.0283759995
-0.4773416945
-0.9124082105
-1.3045351141
-1.6271358860
-1.8580885604
-1.9814191840
-1.9885230824
-1.8788257794
-1.6598303343
-1.3465471676
-0.9603520706
-0.5273639756
-0.0764724205
0.3628276606
0.7626214161
1.0986067595
1.3518146584
1.5098838882
1.5677943218
1.5280076938
1.4000135643
1.1993268580
0.9460278485
0.6629721141
0.3738238118
0.1010784943
-0.1357593723
-0.3216938986
-0.4473273276
-0.5094362035
-0.5109931383
-0.4606407809
-0.3716713784
-0.2606073171
-0.1455117239
-0.0441807562
0.0276212619
0.0577269782
0.0387922489
-0.0309260889
-0.1473114630
-0.3006732923
-0.4765553084
-0.6569989972
-0.8221547333
-0.9521022602
-1.0287229378
-1.0374602930
-0.9688134166
-0.8194290316
-0.5926908615
-0.2987465471
0.0460406723
0.4201799030
0.7985987924
1.1545273050
1.4615689080
1.6957917888
1.8376693109
1.8737096293
1.7976384073
1.6110339520
1.3233579425
0.9513736517
0.5179931531
0.0506413765
-0.4207358094
-0.8658632907
-1.2563556622
-1.5677886602
-1.7814602586
-1.8857038358
-1.8766522106
-1.7583958952
-1.5425279559
-1.2471173591
-0.8951985325
-0.5129033375
-0.1273895661
0.2352648081
0.5520312869
0.8046070039
0.9806658048
1.0745892106
1.0876263793
1.0274802323
0.9073648489
0.7446230411
0.5590290555
0.3709266272
0.1993650555
0.0603945819
-0.0343326946
-0.0785375207
-0.0717823559
-0.0193971340
0.0681281087
0.1762274897
0.2877227823
0.3845355270
0.4494953181
0.4680830837
0.4299532382
0.3300970440
0.1695398326
-0.0444956400
-0.2989818204
-0.5760093477
-0.8541689371
-1.1102806215
-1.3213279345
-1.4664355533
-1.5287233519
-1.4968782541
-1.3663070914
-1.1397671034
-0.8274130165
-0.4462473290
-0.0190095554
0.4274133297
0.8639330316
1.2614103154
1.5928395289
1.8353933034
1.9721638391
1.9934609710
1.8975624858
1.6908560346
1.3873608525
1.0076673534
0.5773793993
0.1251838325
-0.3192985828
-0.7277097236
-1.0750241675
-1.3413300165
-1.5131822835
-1.5844263491
-1.5564329097
-1.4377342933
-1.2431010018
-0.9921427801
-0.7075566770
-0.4131723001
-0.1319595345
0.1158348155
0.3142677114
0.4528696314
0.5273112013
0.5395181005
0.4972330455
0.4130708666
0.3031557500
0.1854649834
0.0780280708
-0.0028581850
-0.0442400591
-0.0377997587
0.0192844024
0.1239879817
0.2676336657
0.4366136838
0.6135811266
0.7790088024
0.9129816966
0.9970678298
1.0161041992
0.9597402542
0.8236005665
0.6099594398
0.3278605935
-0.0073386164
-0.3749705685
-0.7505340483
-1.1075293819
-1.4195059569
-1.6621567645
-1.8152889318
-1.8645076990
-1.8024732833
-1.6296238000
-1.3543001232
-0.9922567605
-0.5655925318
-0.1011819667
0.3712710032
0.8214046580
1.2204255669
1.5432137540
1.7701413352
1.8884622438
1.8931654774
1.7872277935
1.5812503972
1.2925138652
0.9435322704
0.5602273516
0.1698733613
-0.2010195031
-0.5287118074
-0.7939711911
-0.9834016544
-1.0902642316
-1.1147306584
-1.0635593723
-0.9492314451
-0.7886288133
-0.6013747053
-0.4079833679
-0.2279808158
-0.0781592046
0.0288854735
0.0858082065
0.0910740987
0.0489769782
-0.0308803475
-0.1345952973
-0.2453728408
-0.3452050278
-0.4166730261
-0.4447110217
-0.4181741425
-0.3310689155
-0.1833332924
0.0189084154
0.2636454857
0.5338177672
0.8086254493
1.0652061448
1.2805412675
1.4334325915
1.5063820738
1.4872142195
1.3703000124
1.1572731463
0.8571703587
0.4859747266
0.0655899213
-0.3776794320
-0.8150249182
-1.2172607751
-1.5570115382
-1.8107866875
-1.9607762333
-1.9962229394
-1.9142605011
-1.7201497276
-1.4268931108
-1.0542581365
-0.6272871879
-0.1744130156
0.2746698790
0.6912085476
1.0494949888
1.3287041087
1.5143232669
1.5990645610
1.5831938613
1.4742586359
1.2862458051
1.0382471701
0.7527495405
0.4536962899
0.1644842920
-0.0939363595
-0.3047029719
-0.4562879063
-0.5432545337
-0.5664653972
-0.5327335666
-0.4539557184
-0.3458094858
-0.2261343922
-0.1131421329
-0.0236158804
0.0287414746
0.0346636847
-0.0097383849
-0.1025363940
-0.2360849839
-0.3976567255
-0.5705586514
-0.7356352989
-0.8730290273
-0.9640451297
-0.9929589342
-0.9486056068
-0.8256104650
-0.6251469120
-0.3551481697
-0.0299445837
0.3306534152
0.7027596309
1.0601949340
1.3765069279
1.6270634504
1.7910490048
1.8531994557
1.8051302381
1.6461453368
1.3834557698
1.0317838697
0.6123793842
0.1515212022
-0.3213795704
-0.7759269005
-1.1829686652
-1.5167314374
-1.7566931370
-1.8890466763
-1.9076408819
-1.8143273320
-1.6186898255
-1.3371830203
-0.9917542545
-0.6080637861
-0.2134502798
0.1651922384
0.5034541014
0.7812030705
0.9839893607
1.1039546876
1.1401795485
1.0984502555
0.9904757199
0.8326296127
0.6443324798
0.4462174582
0.2582400150
0.0978952638
-0.0213043054
-0.0909614665
-0.1084425342
-0.0769889387
-0.0052864706
0.0934663804
0.2029061643
0.3051473701
0.3825738742
0.4196191846
0.4043762833
0.3298920722
0.1950281010
0.0048061608
-0.2297986490
-0.4926073293
-0.7634719699
-1.0198971315
-1.2389142953
-1.3990529791
-1.4822420974
-1.4754790878
-1.3721219594
-1.1726893398
-0.8850933511
-0.5242764650
-0.1112725317
0.3282401124
0.7657831678
1.1721766865
1.5197254724
1.7843194947
1.9472801319
1.9968037520
1.9288860256
1.7476518714
1.4650636295
1.1000300415
0.6769867768
0.2240616156
-0.2290294827
-0.6531880600
-1.0220657767
-1.3139559849
-1.5132967974
-1.6116706670
-1.6082272096
-1.5095034959
-1.3286653562
-1.0842403029
-0.7984535967
-0.4953103906
-0.1985862245
0.0701061425
0.2930138970
0.4575672631
0.5572234519
0.5917679933
0.5670566250
0.4942286930
0.3884678866
0.2674243237
0.1494403164
0.0517382121
-0.0112688028
-0.0293933207
0.0023078043
0.0830038784
0.2060978960
0.3597726516
0.5280299897
0.6921346190
0.8323382394
0.9297345628
0.9680833001
0.9354424388
0.8254630976
0.6382286860
0.3805577714
0.0657348102
-0.2873189866
-0.6553749503
-1.0126239366
-1.3326640127
-1.5905885558
-1.7650043500
-1.8398132508
-1.8056087851
-1.6605692762
-1.4107692401
-1.0698776253
-0.6582611014
-0.2015589504
0.2711608082
0.7295201900
1.1440584763
1.4883924396
1.7411393692
1.8874518367
1.9200445698
1.8396349268
1.6547659043
1.3810304443
1.0397639424
0.6563143321
0.2580324544
-0.1278531037
-0.4763046302
-0.7663215979
-0.9824187943
-1.1156222136
-1.1639096564
-1.1320697581
-1.0310017643
-0.8765247578
-0.6878053353
-0.4855435989
-0.2900762232
-0.1195607471
0.0116032761
0.0939822849
0.1238448008
0.1033658892
0.0402865640
-0.0529380096
-0.1604233847
-0.2644581394
-0.3472804150
-0.3928701942
-0.3885971185
-0.3265756765
-0.2046043576
-0.0266007848
0.1975120685
0.4524663377
0.7188069736
0.9744540029
1.1965409983
1.3633764049
1.4563621621
1.4617057409
1.3717772077
1.1859909924
0.9111303943
0.5610783427
0.1559667766
-0.2791948252
-0.7163077755
-1.1262502371
-1.4810580145
-1.7560465005
-1.9317038293
-1.9952028592
-1.9414097113
-1.7733067702
-1.5017950147
-1.1448904380
-0.7263780330
-0.2740303563
0.1824675244
0.6137217222
0.9927871916
1.2971092770
1.5100975078
1.6222107521
1.6314733266
1.5433885149
1.3702652789
1.1300216672
0.8445705944
0.5379268165
0.2341953422
-0.0443905144
-0.2792193280
-0.4566974630
-0.5691794955
-0.6153624221
-0.6001190513
-0.5337938678
-0.4310302915
-0.3092377887
-0.1868374071
-0.0814424902
-0.0081360720
0.0220026160
0.0029921878
-0.0654334225
-0.1777396351
-0.3230473245
-0.4860924610
-0.6486074095
-0.7910048982
-0.8942186293
-0.9415398383
-0.9202881064
-0.8231675116
-0.6491847413
-0.4040419793
-0.0999612021
0.2450556700
0.6084785399
0.9649168419
1.2880711941
1.5528117449
1.7372136595
1.8243819016
1.8039131245
1.6728708486
1.4361888609
1.1064637628
0.7031470270
0.2511957310
-0.2207147160
-0.6822766970
-1.1037716470
-1.4582514855
-1.7235082668
-1.8836771143
-1.9303471372
-1.8630948375
-1.6894012122
-1.4239635008
-1.0874612185
-0.7048797544
-0.3035298161
0.0890754817
0.4473139647
0.7493503121
0.9786844995
1.1252328181
1.1858612973
1.1643374902
1.0707151998
0.9202137664
0.7316950802
0.5258740912
0.3234195598
0.1431094285
0.0001989032
-0.0948602959
-0.1372423229
-0.1280442684
-0.0740366963
0.0131061413
0.1180251617
0.2232342882
0.3108777934
0.3645302732
0.3708784146
0.3211335477
0.2120467774
0.0464323419
-0.1668530891
-0.4134807445
-0.6747278415
-0.9289774358
-1.7363525829
-1.6219762099
0.7135173794
-0.8634121045
0.8949346200
0.6262563456
1.6253707887
1.4931186482
-0.6665518558
0.3309580583
-1.4342864777
-0.6007168499
1.8707860308
0.7939198512
-0.4321680627
0.3801649126
1.7520087983
-0.7616724503
-0.4932827758
1.1666478315
1.2527391353
0.6804656000
1.3158358916
0.9550986885
0.7416577611
0.1055733589
0.5840992829
-0.3063745347
-0.5526876146
-0.5496093241
-1.2789483085
-1.1432293552
1.7906730701
-0.0549163165
-1.0938278139
-1.4497385873
-1.6913396628
1.3777135547
-1.5954369453
1.0834988815
1.3404793065
1.5347286620
-1.8490100306
-0.6529425121
1.0652304178
-1.4758038343
-0.4931205167
-1.3510111516
1.3253802268
1.0843912549
1.2361748786
-1.3378433370
-0.2493063794
-0.3565655540
0.7054516888
-1.0498791942
-0.2232051608
-0.8602882697
0.9941460724
-0.2042881479
0.1360445988
-0.7621284137
1.2344954844
-0.1239375799
1.3404535709
-0.5286361671
1.7885206810
1.9377591741
-0.1532800862
-0.8729130692
-0.4725102632
0.1098391538
1.8650726128
1.2675649583
1.2050368966
-1.4464058616
-0.9999871536
0.5647161448
1.4964677802
0.2181629817
-1.5896410730
1.3835691069
1.4046641923
-0.8597479438
1.0524673212
-0.9088348016
1.6212248359
-1.4106053760
-0.2501097592
1.7856530520
-1.1118479724
-0.1954880391
-0.6016596874
-1.8933192368
-1.7869724513
0.0080284588
-1.0568877045
1.9781014050
-0.5003493063
-1.8872498179
1.7233036190
1.3567051504
0.5998427372
1.1655225499
-1.4496016491
-0.8524824107
1.3190463326
0.7842879543
-1.4448292327
0.8221447012
-0.2055941041
-1.9789952068
-1.6830969149
-0.9763042863
1.3398523971
0.1952169818
0.9089391413
0.1110860235
-1.5552525587
-0.8475936878
-0.7953952217
-1.8090022135
-0.3206978250
1.1755964346
-0.1715455335
-1.5565684188
1.6205875426
0.3869561713
-1.9342585912
0.0615029208
-1.0322474623
-1.4256926390
-0.2830444276
0.4592383311
-1.0377430448
-0.3337296192
0.6574852070
-1.6575441801
1.8986179638
-1.7292827084
0.1042377813
0.0293107863
1.9533259424
0.2166078097
-0.4381850698
-0.1194596874
0.5426831659
1.9241576902
-0.9853989557
-1.9350310756
1.1540800651
-0.6207900273
0.9317640858
0.5130278499
1.0860054964
0.9407479392
-0.6699255665
-1.8226572468
0.1840549808
1.2540354622
-1.2996434918
1.1165703739
-0.1415084010
0.7815570080
0.5269433910
1.2459907274
-1.7475978519
1.1047615988
-0.1692816902
-0.8262297153
-1.8247748974
-1.2021206651
-1.8323762323
1.7334839198
0.0615343570
1.9564908092
0.1721227906
-0.9867449392
1.0131636753
-1.2355862771
-0.5721032959
1.1233662679
1.4631931083
-0.6723012545
-1.5020999670
-0.5279233027
1.5579460680
0.9732308221
1.5785499798
-0.4534209270
1.8948943373
-0.0151870939
-0.0099064300
1.6972418665
0.0771034141
1.2045923496
0.9083252974
-1.6842919758
0.4098131953
1.2893651182
0.1818975894
-0.7151542871
-1.6797243557
0.6436768858
-0.7740165756
0.4104865109
-0.2955357085
0.7590592338
-0.5938120649
-1.8305793486
1.4801487002
-0.5897627588
1.9926023911
-0.9017785597
1.9201091168
1.7916175144
-1.6998353400
0.5500501515
-0.5467554774
1.2043839022
0.7176424313
1.8111575851
-1.4288821265
0.4302916133
1.1252478790
-1.8608041368
-1.7310665478
1.1140614940
-0.5346861076
-0.4685823932
0.2689785669
0.4203793154
0.7162482277
1.7952941171
-0.5119464861
1.0523378872
0.2956871133
0.1178395261
-0.4078638162
0.5982429468
-1.0015533876
-1.5462055497
0.9426994379
-0.0038241590
-0.4520504798
0.2466908430
-0.9528932937
-0.9588409154
-0.2149075504
1.9854604486
-0.8576924892
1.6659156382
-0.0351992190
-1.5094503124
1.4113051615
-0.1918292590
1.5947161231
-0.2195552290
-1.6488370356
0.7277170410
1.3820848759
-0.7216489116
-0.6102988210
-1.7402436867
0.1686854449
1.5653267294
1.4054482030
0.8472364160
1.7092978269
0.5508000903
1.1747855354
0.0350229807
-1.5145501797
-1.1960785153
-1.4444925118
1.1614922432
-1.8948638928
0.2160857490
-0.5243553380
1.2146469052
0.2065877357
0.4477934505
-1.6551380734
-0.7628371299
1.9983801757
0.8754786396
0.1027826193
1.0766582015
1.2933575980
-1.7049971484
1.8895189261
0.5693543575
-0.2001020173
0.7204359626
-0.6219408772
1.5118406066
1.1210517154
0.5591757175
-1.2721474538
1.8650584557
-0.2695268541
1.6428490838
-1.7783485999
-1.5033555174
-1.3879381328
-1.3413716804
-0.7093569954
0.8373285301
-0.6159076706
1.7636162197
1.5797036673
1.3837348246
-0.9975787641
0.5402283656
0.2033656619
-1.4993188195
-0.7887015756
0.1339121191
0.0102925790
-1.3254563930
1.7664279515
-1.3832229325
0.6349314935
0.8825310737
0.4205556314
1.3701200165
0.2544721377
1.3009450693
-1.8865060484
-1.8181527868
0.5658149353
0.3070849259
0.6045199099
1.0678360037
-0.3336528653
0.5559647688
-0.0078477595
0.5086560412
-0.8413133728
1.8266006798
-0.0682207273
1.2187526169
0.7399633648
-0.8102645143
-1.7081078980
-1.7603478683
-0.2415780003
-0.0629954796
-1.1839079457
0.4266410513
-0.7496700030
0.8734515404
0.9367990192
1.4431094630
1.9014965117
-1.4769353938
-0.5178392078
0.2466048630
-0.7235364544
-0.1341097318
-0.9301133022
-1.0083244699
-1.6127533898
-0.8391519801
-0.4634006660
0.4615097767
-1.0069188785
1.4612300069
-1.3612013515
-0.6902567168
0.3107481516
-0.7491403166
1.0524855006
-0.0069378318
0.0588993569
-0.0049611664
-0.7658380718
-1.9072948071
1.7809312163
0.0217778521
1.8667465222
-1.1394223099
-0.5884196446
-1.7978383815
-0.0204231859
1.5293579055
0.6170401476
-0.1176525865
0.1467629972
1.3886894616
-0.2762889226
1.5298229237
0.9100322534
1.0554270566
-0.5362505899
-0.3976735159
0.2811265755
-1.2213787924
0.2128917065
-1.7058730010
0.0170221165
1.0576164588
-0.8811172895
1.9563628025
0.7215945605
-1.5247559211
1.9003312617
-0.4243851491
1.1795889135
-0.6436588002
1.7557942678
1.0198606892
-1.2037684738
0.0364900649
0.0003116143
-1.8187865901
-1.4518545057
-0.6678371786
-0.1050233984
-0.1720457629
0.4250420896
0.0620229286
-0.6881366095
0.4522724843
-1.3499918165
1.9624629502
0.9572774423
-0.8030626299
-0.6545061914
1.3131575438
0.1293593195
0.8349592257
-0.8008377411
1.2629953330
-0.5265687605
0.6952255699
1.9195921247
0.3348085674
1.1870192557
0.9012968502
0.7521746048
-1.8934113801
-0.1016391437
1.8682827847
1.1316159657
1.1046481007
0.3105375835
0.8856004492
0.3340931082
-1.3179517530
0.5161009646
0.4789432220
1.3646684998
-1.4088971668
0.7229075802
-1.8737179466
1.7928206831
-1.5604179147
-1.9242505300
-0.7452300662
-1.3942749675
0.7620010437
-0.3584903627
1.0998892072
1.6820837996
1.4912708356
0.9433490851
-1.7508748559
-1.4476700569
-1.1706331801
-0.6998018623
0.6489071989
0.1019086056
-0.7449896050
-1.3072703046
1.6484966437
-0.6306919293
-0.5828520454
1.0879591366
0.8836982453
0.5732364000
0.7732532401
0.4403063203
-1.2309433235
-1.0139234579
0.2323466032
-1.1005318480
1.8916425104
-0.8095417389
-0.8439834504
-1.1708888206
0.8199530390
-0.7318370199
-0.6047873032
1.7348014991
1.1816214240
-0.9061698530
-1.5125035771
0.7064889831
-0.4812232585
1.9206421493
1.2735098405
1.8184354536
1.2184633358
-0.8381893920
-0.8494786335
0.8565651500
-0.6145459436
-0.2304955525
-0.9742240981
-0.0836829479
-1.1917279712
0.1543116948
1.7320957351
0.7846852026
-1.4509081808
0.4627081377
0.3473219943
-1.0301678464
0.6793358596
0.1241659589
0.5517782936
-1.7900355726
-0.3467945358
0.8694322250
-1.5978203809
1.0830642324
-1.9792742144
0.2014102631
1.7163987207
-0.3723701938
1.7401283944
1.5135984861
-0.0902059182
-1.2021761013
1.8556561556
-0.7153291915
0.5835916716
1.6317478349
-1.6421571180
0.2965334127
0.1406091076
0.8924707130
1.7466775190
1.6529189027
-1.2997408981
1.5289798927
-1.2968451698
1.6785392474
1.9886872124
-0.4120217029
-0.0184644107
1.7464349791
1.8485255203
1.7041587916
1.5069726717
-1.9629313261
0.2718474747
-1.5707972369
1.9319755535
-0.8617533906
1.9563978804
0.1732019342
-0.0243503186
1.7542420070
1.4042389543
-0.1279169240
-1.2287544069
-1.5494129559
-1.3500229498
-0.1643421159
-0.9709404791
-1.2552037235
0.9464715820
1.1630706577
0.2711248897
1.0291310010
-1.2980203446
1.4245860171
1.5881710471
1.3079593011
0.0611226358
-1.6530489206
0.6770234136
-1.2608751958
-1.4375524975
-0.7055933197
-1.0078116653
-0.9568588917
-1.0579149888
1.0150266071
1.8161392906
-0.7922166412
0.8915301136
-1.9542570632
0.6147334683
0.7710743617
-1.7515026728
-1.5271006088
-0.7727746320
-0.3783335481
0.0100818850
1.5804734793
0.8142281404
-0.7560882065
-1.5303370166
1.6645215434
-0.8198495994
0.4585017926
-1.1234855963
-1.4657248712
-1.3872577412
0.9909393486
0.4229557924
-0.3366175383
0.1969380353
-0.1166876925
0.1500707508
0.6563777574
-1.1263535094
-1.0101382828
1.0189581989
1.4925402340
-1.6725187741
-0.2130080900
0.8150645006
-1.6875891114
0.2566748891
-1.7529678098
0.1905969948
0.0219482244
0.2908066969
-1.4005904745
-0.6875294490
0.0813661647
-1.5350399113
-1.1783940578
0.3325907138
-1.6362334222
0.0415014161
1.2347683327
-0.1862707993
0.0529913728
-0.1728060972
-1.7690528763
-0.1504867770
1.2276614102
0.8931203193
-0.4162051602
1.2658129037
0.9832179313
0.3132450602
-1.8188407891
-0.6218845338
-1.7449603516
1.9764946419
1.7383311955
-1.7239234154
1.7351022503
-1.8730605159
-0.3645322567
1.0758882503
1.0633107317
1.9133331397
0.5835232724
-0.3185522445
1.9714263943
-0.4700815246
1.4784811412
1.6270692461
-0.4974178648
0.7309214164
0.6471701525
0.1572010557
0.6141363937
-0.6089204514
-1.2861054840
0.1490339456
0.1153701582
0.9114325636
-1.1092391361
-1.9861068202
-1.9090586907
-0.8065480452
0.6939994311
0.1777813561
0.1277344340
1.2934417495
-1.0099518460
-0.6153610600
-0.8974010888
1.7496414445
0.9000957836
-1.5486214449
1.2379127342
-0.3230376060
1.0642138701
1.5350264874
-1.9374168145
-1.1756735126
-1.5964131476
-1.8656948970
0.3911395869
0.8131450675
-1.8052947150
0.9621643139
-0.3909385968
-1.0626428860
-1.1309231593
1.4549209707
-1.7742238599
0.0155833958
-0.8429461946
1.2631450271
0.9260699325
-0.7243852145
0.3916706971
0.6901276057
-0.7173395384
-0.7929422594
-1.4269582633
0.6408496952
-1.1158290382
-0.7979961850
-1.7561694516
1.7940810201
1.5188555639
1.6463106625
0.5039725506
-0.2911976708
-0.0175168500
1.8891609414
1.7663456393
0.6853700990
1.1432183839
-0.7250621707
-0.3347014663
-1.4031295687
-0.4941592460
1.0176643890
-0.1059247184
1.3973637290
-0.7970543248
0.8303071900
1.2231046397
1.6589646953
0.2495437983
1.8711447542
0.2291470328
-1.4636289958
-1.0285659356
-1.1866530678
0.5868234062
1.6889044180
1.3885335437
-1.6301440139
0.8983388492
-1.2380735263
-0.9261536486
0.6946876825
0.4116881800
1.4944818340
-1.2473468243
1.0467856701
0.8972209594
0.2354019051
-0.0824231741
1.4778954061
-0.6681427567
1.8280790421
-1.9386651751
1.7486390528
1.8483102245
-1.5307352022
1.9982880281
-0.0843164946
-1.0296272726
0.4176061363
-1.1819474281
1.6605058384
0.2083171702
1.1020555283
-0.4773530225
0.1346005097
-0.5629617778
-0.9537534905
0.0512661601
-0.0108908276
-1.6055670737
1.9252738274
-0.1220383119
1.3589247263
1.6573219956
-0.5171803143
-0.3442793177
0.2500989099
-1.1149036067
-1.4163091476
-0.9569035604
1.7390330012
0.3165717041
-0.3296877058
-1.3903543593
-0.6805388561
-0.4806409010
1.3334508611
-0.0027940705
0.6184318645
0.7393864494
-0.9706929695
1.2863677588
1.8660330690
0.5667778176
-0.0376176697
-1.3270654162
1.1799020574
-1.3229371566
0.8812541230
-0.0467347150
1.6675975588
0.1685474214
0.5672378527
-1.7650717937
-1.8647049713
1.3867895327
1.7807524448
0.6728621736
1.0573553743
-0.3504311103
1.3701788673
-1.0742664317
0.8286782548
-1.9634341532
0.0229316788
-0.5071972293
0.4713409435
0.6670189182
0.4660774443
-0.0671833855
-0.0485824640
-1.9735505720
0.2065742436
-1.9525961275
0.1176705874
-0.9010370512
1.9099173929
-1.9314296096
1.2526288837
0.6961318085
1.2246707958
1.6390934640
-1.5719342852
-1.6147444390
-1.4044100570
-1.2322717720
0.1058239416
1.2608575629
-0.9307010533
-0.4124143100
-0.5077936661
-0.3758903605
0.2600087298
1.9609321266
-1.0965709895
0.7361665019
1.3914684081
0.6149428782
1.4328766361
1.0383434007
-1.6259979783
-0.4829439110
0.2108057581
-1.7755402435
-1.9621993094
-1.3144656991
-0.0005664275
-0.2643613921
1.1375052432
0.2634265118
1.4318412535
-1.6185526581
0.1126367426
-1.8297929695
-1.1543317765
1.4724675623
1.5502172281
-0.0979988494
-1.8137521170
-1.7026077603
1.7023392403
1.5972466035
0.2540394562
-1.8683928794
1.7150654450
-0.7420612271
1.8458767595
0.3481444163
1.0090178794
0.8508455998
-0.4068159184
-1.6922500342
-1.3501989971
-1.0381112228
1.3386022404
-0.4433735705
1.5861030680
-0.6730806415
1.0224370581
-1.4401976231
1.9539118317
0.8966542804
0.0031714066
1.8972933097
-1.7852142722
-0.2516469886
1.3546986305
-0.6376290141
1.0760226135
1.8194335877
-0.4131878028
1.0942196645
-1.8814973642
-0.9066918855
1.9703435138
-0.0375861756
-0.5767552092
1.7645713799
-0.2726082150
0.7187794324
0.6426876301
-1.6572235295
0.4744635610
1.1922206952
0.8524341307
-1.6718479613
-1.3831161445
0.8467086191
0.5356035279
0.9586211559
-0.7332870853
-1.5737963292
-1.9792191105
-0.7669301795
-0.5603300106
-0.9209342270
-1.4699719820
-1.2504328659
-0.2046252919
0.2189600024
-0.3678232997
-1.8949523839
-0.5843428506
-1.6277429582
0.3921751912
-0.7022786777
-0.4590483304
-0.8326105948
-0.4488017625
-1.6612019323
1.6045441794
1.6208302973
1.9126922561
0.2878417230
-1.3216683064
-0.4770719060
-1.4446397642
-0.7954749385
-0.0275042312
-1.7469313989
-0.2612949229
-0.3155906409
-0.0630747443
-1.6923145544
-0.9932010488
-1.0136397266
0.5001347511
0.3752255922
-1.2178071005
-1.5721105297
-0.7813680170
1.7952938496
-0.6711311388
0.4807687515
1.2163058478
-0.6818331349
-0.6610551050
1.2619018800
1.4380338684
1.8969015060
-1.4555021137
-0.7173393785
1.7891156881
-1.1965940452
-0.7432668752
1.8582984924
1.8749008870
-0.8342073937
0.7798310707
-0.0359707484
0.3035171265
-1.0303028129
-0.4957787907
1.2659780617
-0.4282594810
-1.5444487056
0.2554020345
0.3689081370
0.1825163418
0.7268505325
0.2003966280
1.8120184459
-0.1535111087
0.8334682050
-0.2461801828
-0.8346751681
0.7713411173
1.2758622720
1.1826273440
-0.3634336390
-0.0027871388
0.5333441586
-1.0319153293
0.6346518741
0.8609455652
1.1563070529
-1.7041394577
1.9628024577
-0.0830612009
-0.3967796107
0.0264505721
1.6815687379
0.7668354636
0.1745808135
1.1628836682
-0.5618820279
1.5820060614
0.1476239441
0.5527214680
-1.6600722638
1.0758161917
0.6304065783
-0.5799647222
0.5879993919
-1.8228132259
1.9344328238
0.7098875835
-0.4015290151
1.0107311109
1.8628671109
-0.2781778244
-1.9578089089
-0.9650465184
0.0427049621
0.0751910674
0.3220731821
0.3009415931
-0.2168857940
-0.4354633253
1.0893689298
0.3543598262
0.0018631265
-0.6201304496
-1.9017493879
-1.5818025680
-0.3360982859
1.8469114627
-1.5357226482
1.7627046326
-1.4332992927
-0.7524386244
-0.1786694591
-1.1725306952
-0.0682960049
-0.0953498752
-0.2473362469
0.7870530621
-0.7243621031
-0.7989436673
1.2407437477
-1.5396589332
1.3967200322
0.5918796691
0.7085573316
-1.3425836286
1.9356018824
-1.0243482138
-1.3021870687
-1.3594571551
0.2393958100
1.8338504869
-1.0725778104
-0.3798102549
-1.2621928994
0.5619155066
-0.2714621903
-1.8832309026
0.4564277495
-1.2107022569
0.3688126334
-0.4446568786
0.8189424638
-1.1768620825
1.0093019814
1.2349191545
-1.7497449941
-1.5929918051
1.4879173200
-1.2521606575
-0.6960603536
-0.1697983112
-0.9505864182
1.4505461898
0.1108600785
0.5564343427
0.3878833171
0.4452336846
0.3480188583
-0.6083014503
1.3820712107
0.4694507173
1.2549530170
0.8239534438
-0.8102206612
0.4579380629
-1.6609921255
-1.4642089214
-1.5285533894
-0.7784799899
-1.2678219267
0.7737461669
0.0432994779
-0.3270435752
-1.4485308059
-0.4651601486
-1.2569852028
0.5420065682
0.7737317061
0.5810403803
1.9995982103
0.2196503033
-0.0414318952
-1.4388138596
-0.7416799414
-0.1959961170
-1.7855549495
-0.5638433113
-1.9616662417
-1.4538611414
1.2608637626
1.8553163577
0.0217520789
-0.0201206085
0.7387866822
-0.3374782589
1.3595672084
-0.0452019522
-1.6693174969
-1.8765571774
1.0442264742
-0.8316403618
-0.9005883269
0.1504344728
-1.3271640903
-0.1707144509
0.9700730077
1.0636782198
0.1989047382
-1.5471560188
-1.5431733946
1.1004521115
1.2931312320
-0.5325529116
1.2904437112
-1.8335579109
0.8759209645
0.1854130989
1.9591029115
-1.5903342445
1.3202828662
1.0053819790
-0.8091642596
1.9972506771
-0.2010706287
-0.6056920927
1.2669143405
-0.2437203865
1.9758307373
1.1025265995
-1.0522157785
1.2428108674
0.3516955879
-0.5974766355
0.8430158380
0.5310825237
-1.3360735292
-1.4430601363
-1.1735213753
-1.1722291170
-1.7625686654
-0.5967380842
-0.8756599248
0.1550741842
-0.7053855366
0.8162150470
-0.8426670261
-0.9306277349
1.4320673798
1.9419532090
0.7171972637
-1.6190993447
1.8510879800
1.1427641932
1.6750748473
1.9699449026
1.4681903617
-1.4924473255
1.4643151800
-1.0012910322
0.8455793954
1.3139272108
1.0458943499
0.7049382148
-0.0421650963
0.3097021172
-0.9251313917
-0.3430996425
-0.1920331098
0.5345110534
1.5205003252
-1.6276208638
0.0624538884
-0.8870972486
1.7453444564
-0.5237153037
1.8010163155
-0.6908428794
-1.9901076594
1.0965411618
0.9308961062
0.9237277499
-0.1662029733
0.6565752833
-0.5671090826
-1.7466772558
0.1376978576
-1.1286802599
-0.2814275973
-1.1525941344
-0.9258526467
1.3133744682
-0.6489793793
0.3117345610
0.2645684437
-0.0586483840
-0.6250415178
0.7302077044
-1.8063629554
-1.6017010323
1.1355590474
-0.1616729493
-1.5030512831
1.4306063997
-0.2348562045
-1.9972962740
1.8321270772
-1.1907271744
0.7543675276
-1.4723476505
0.5999887974
-1.3640901484
1.7309022509
-0.9039221676
0.6183518577
-0.9984428858
-0.5126249294
1.6152010753
-1.3378996834
-0.4146337323
-0.7779630206
0.7977654861
