  5079
 13123
 15328
 11164
  3174
 -4522
 -8482
 -7776
 -4122
  -564
   551
 -1068
 -3420
 -3790
  -606
  5288
 10858
 12578
  8578
  -118
 -9699
-15718
-15208
 -8415
  1362
  9630
 12833
 10370
  4433
 -1351
 -4136
 -3399
  -950
   469
  -913
 -4539
 -7897
 -8018
 -3486
  4381
 12018
 15338
 12200
  3557
 -6712
-14004
-15145
-10094
 -1799
  5606
  8885
  7525
  3614
   183
  -576
  1210
  3418
  3382
  -245
 -6198
-11310
-12164
 -7314
  1745
 11023
 16114
 14482
  6898
 -2986
-10658
-12963
 -9710
 -3449
  2145
  4450
  3295
   803
  -373
  1313
  4976
  7960
  7441
  2287
 -5738
-12846
-15185
-11030
 -1853
  8264
 14728
 14783
  8913
   378
 -6588
 -9179
 -7212
 -3074
   178
   599
 -1370
 -3371
 -2898
  1102
  7046
 11624
 11626
  5955
 -3383
-12212
-16325
-13584
 -5328
  4566
 11578
 12927
  8945
  2437
 -2878
 -4702
 -3178
  -644
   253
 -1717
 -5383
 -7930
 -6743
 -1068
  7015
 13527
 14870
  9729
   100
 -9700
-15282
-14259
 -7650
  1010
  7505
  9338
  6820
  2524
  -508
  -600
  1495
  3300
  2361
 -1977
 -7831
-11806
-10927
 -4544
  4989
 13275
 16343
 12529
  3680
 -6062
-12359
-12760
 -8086
 -1414
  3576
  4863
  3026
   509
  -108
  2119
  5721
  7828
  5951
  -201
 -8216
-14056
-14367
 -8318
  1654
 11043
 15642
 13569
  6297
 -2353
 -8321
 -9410
 -6347
 -1963
   813
   557
 -1606
 -3157
 -1791
  2846
  8532
 11870
 10088
  3045
 -6545
-14189
-16168
-11347
 -1995
  7504
 12986
 12446
  7118
   405
 -4212
 -4985
 -2845
  -386
   -72
 -2526
 -6001
 -7622
 -5073
  1481
  9340
 14432
 13691
  6801
 -3390
-12258
-15832
-12729
 -4882
  3675
  9026
  9371
  5823
  1396
 -1087
  -515
  1698
  2963
  1161
 -3699
 -9144
-11780
 -9126
 -1503
  8014
 14939
 15799
 10021
   292
 -8853
-13441
-11992
 -6105
   602
  4782
  5042
  2616
   276
   269
  2910
  6215
  7303
  4145
 -2760
-10366
-14639
-12855
 -5202
  5065
 13329
 15838
 11744
  3420
 -4943
 -9594
 -9225
 -5246
  -832
  1328
   454
 -1794
 -2722
  -499
  4528
  9658
 11551
  8072
   -68
 -9415
-15517
-15252
 -8582
  1384
 10093
 13756
 11398
  5034
 -1585
 -5259
 -5015
 -2388
  -173
  -482
 -3276
 -6384
 -6892
 -3130
  4008
 11279
 14676
 11886
  3538
 -6706
-14231
-15662
-10629
 -1950
  6140
 10068
  8956
  4620
   278
 -1518
  -380
  1839
  2453
  -189
 -5317
-10104
-11184
 -6892
  1625
 10711
 15921
 14539
  7044
 -3063
-11196
-13912
-10687
 -3928
  2531
  5684
  4924
  2143
    99
   716
  3616
  6456
  6414
  2062
 -5239
-12067
-14543
-10757
 -1856
  8270
 14983
 15304
  9396
   449
 -7230
-10420
 -8607
 -3953
   258
  1675
   269
 -1858
 -2119
   887
  6058
 10400
 10706
  5621
 -3220
-11880
-16137
-13648
 -5451
  4701
 12176
 13891
  9859
  2785
 -3411
 -6033
 -4801
 -1870
   -45
  -958
 -3946
 -6454
 -5825
  -973
  6421
 12720
 14257
  9498
   124
 -9718
-15562
-14771
 -8077
  1044
  8250
 10624
  8164
  3261
  -760
 -1808
  -175
  1868
  1741
 -1605
 -6752
-10579
-10075
 -4299
  4763
 12927
 16170
 12599
  3776
 -6255
-13012
-13727
 -8924
 -1626
  4253
  6276
  4624
  1608
     9
  1208
  4221
  6397
  5154
  -164
 -7537
-13231
-13790
 -8150
  1612
 11076
 15951
 14067
  6658
 -2510
 -9164
-10725
 -7624
 -2548
  1241
  1882
    75
 -1823
 -1338
  2322
  7372
 10656
  9319
  2891
 -6244
-13829
-16015
-11405
 -2060
  7755
 13672
 13404
  7895
   463
 -5030
 -6465
 -4379
 -1344
     1
 -1462
 -4455
 -6237
 -4431
  1314
  8584
 13591
 13156
  6659
 -3311
-12306
-16164
-13204
 -5172
  3937
  9933
 10700
  6992
  1819
 -1684
 -1943
    50
  1744
   876
 -3030
 -7918
-10591
 -8441
 -1439
  7679
 14573
 15669
 10099
   323
 -9162
-14187
-12930
 -6786
   671
  5728
  6572
  4110
  1081
    11
  1730
  4642
  5996
  3612
 -2467
 -9542
-13810
-12364
 -5103
  4997
 13394
 16186
 12200
  3633
 -5309
-10604
-10553
 -6318
 -1096
  2086
  1969
  -148
 -1631
  -383
  3720
  8379
 10400
  7479
   -43
 -9033
-15152
-15141
 -8658
  1389
 10457
 14534
 12306
  5610
 -1798
 -6323
 -6599
 -3804
  -818
   -45
 -1981
 -4802
 -5690
 -2737
  3596
 10393
 13859
 11446
  3481
 -6630
-14315
-16014
-11053
 -2083
  6607
 11144
 10269
  5581
   375
 -2428
 -1964
   239
  1500
  -135
 -4383
 -8768
-10085
 -6395
  1514
 10288
 15554
 14450
  7117
 -3107
-11605
-14713
-11553
 -4393
  2886
  6855
  6501
  3462
   574
   106
  2221
  4884
  5315
  1811
 -4711
-11162
-13747
-10370
 -1840
  8187
 15084
 15660
  9782
   498
 -7794
-11549
 -9888
 -4793
   330
  2741
  1904
  -322
 -1316
   668
  5010
  9044
  9671
  5225
 -3002
-11425
-15778
-13580
 -5518
  4785
 12645
 14709
 10667
  3130
 -3904
 -7299
 -6374
 -3081
  -345
  -182
 -2469
 -4908
 -4842
  -864
  5786
 11780
 13493
  9166
   146
 -9635
-15680
-15126
 -8420
  1083
  8905
 11796
  9398
  3966
  -999
 -3006
 -1842
   414
  1097
 -1220
 -5604
 -9220
 -9115
 -4006
  4465
 12444
 15827
 12551
  3832
 -6381
-13525
-14549
 -9669
 -1845
  4881
  7622
  6175
  2694
   131
   288
  2678
  4897
  4298
  -129
 -6806
-12267
-13064
 -7876
  1555
 10992
 16088
 14417
  6951
 -2619
 -9905
-11927
 -8798
 -3108
  1647
  3199
  1755
  -468
  -859
  1776
  6136
  9310
  8443
  2703
 -5913
-13324
-15689
-11395
 -2104
  7924
 14245
 14221
  8566
   550
 -5788
 -7875
 -5909
 -2291
    64
  -413
 -2863
 -4799
 -3690
  1138
  7763
 12628
 12478
  6462
 -3244
-12225
-16318
-13554
 -5409
  4137
 10782
 11917
  8116
  2236
 -2258
 -3365
 -1649
   503
   576
 -2328
 -6610
 -9272
 -7664
 -1356
  7264
 14054
 15366
 10088
   351
 -9373
-14782
-13733
 -7373
   730
  6611
  8030
  5564
  1879
  -236
   536
  3020
  4636
  3038
 -2152
 -8639
-12836
-11742
 -4968
  4878
 13317
 16355
 12529
  3810
 -5599
-11500
-11770
 -7350
 -1354
  2818
  3480
  1501
  -519
  -258
  2876
  7014
  9123
  6804
   -20
 -8557
-14623
-14861
 -8643
  1379
 10708
 15158
 13087
  6105
 -1987
 -7318
 -8090
 -5181
 -1460
   379
  -669
 -3171
 -4411
 -2310
  3150
  9423
 12895
 10883
  3407
 -6484
-14248
-16198
-11362
 -2197
  6987
 12100
 11475
  6486
   473
 -3308
 -3547
 -1365
   527
   -85
 -3406
 -7364
 -8878
 -5828
  1390
  9758
 15024
 14197
  7114
 -3117
-11899
-15358
-12294
 -4793
  3206
  7952
  8031
  4749
  1048
  -487
   806
  3260
  4145
  1537
 -4139
-10116
-12806
 -9871
 -1825
  8019
 15026
 15850
 10066
   543
 -8261
-12556
-11067
 -5584
   394
  3760
  3517
  1218
  -495
   446
  3912
  7615
  8532
  4771
 -2779
-10850
-15254
-13354
 -5526
  4818
 12969
 15371
 11363
  3424
 -4351
 -8484
 -7903
 -4263
  -644
   577
  -968
 -3311
 -3796
  -742
  5094
 10693
 12586
  8736
   188
 -9450
-15632
-15321
 -8676
  1108
  9455
 12844
 10534
  4630
 -1223
 -4155
 -3489
 -1047
   438
  -826
 -4400
 -7783
 -8056
 -3668
  4147
 11830
 15317
 12353
  3849
 -6439
-13888
-15218
-10314
 -2029
  5453
  8884
  7685
  3755
   253
  -642
  1108
  3344
  3386
   -97
 -6006
-11175
-12199
 -7517
  1458
 10792
 16054
 14616
  7172
 -2715
-10540
-13002
 -9882
 -3639
  2031
  4462
  3417
   895
  -367
  1213
  4839
  7860
  7476
  2484
 -5468
-12680
-15196
-11208
 -2126
  8008
 14628
 14889
  9148
   622
 -6480
 -9200
 -7366
 -3219
   120
   666
 -1243
 -3308
 -2942
   953
  6859
 11507
 11666
  6177
 -3099
-12015
-16297
-13744
 -5591
  4307
 11463
 13007
  9130
  2621
 -2799
 -4730
 -3306
  -747
   258
 -1606
 -5234
 -7870
 -6799
 -1257
  6751
 13382
 14897
  9951
   376
 -9483
-15216
-14390
 -7885
   758
  7418
  9403
  6985
  2661
  -472
  -661
  1368
  3225
  2424
 -1818
 -7647
-11726
-10992
 -4758
  4708
 13100
 16346
 12726
  3948
 -5843
-12271
-12863
 -8284
 -1601
  3515
  4932
  3135
   603
  -125
  2007
  5576
  7762
  6053
     0
 -7968
-13940
-14424
 -8555
  1354
 10846
 15623
 13726
  6540
 -2152
 -8232
 -9495
 -6532
 -2090
   794
   648
 -1505
 -3095
 -1855
  2674
  8355
 11796
 10204
  3273
 -6272
-14030
-16203
-11552
 -2289
  7302
 12927
 12560
  7348
   570
 -4148
 -5068
 -2956
  -456
   -37
 -2398
 -5882
 -7560
 -5196
  1255
  9101
 14335
 13794
  7036
 -3094
-12066
-15845
-12906
 -5144
  3489
  8961
  9453
  5988
  1515
 -1071
  -615
  1601
  2939
  1242
 -3525
 -8988
-11729
 -9266
 -1765
  7767
 14809
 15877
 10244
   585
 -8648
-13430
-12129
 -6342
   449
  4736
  5114
  2748
   335
   217
  2776
  6106
  7288
  4263
 -2529
-10138
-14568
-12987
 -5476
  4800
 13163
 15878
 11940
  3685
 -4750
 -9578
 -9326
 -5403
  -939
  1326
   540
 -1677
 -2713
  -607
  4350
  9517
 11545
  8211
   202
 -9166
-15419
-15364
 -8841
  1119
  9910
 13755
 11561
  5273
 -1429
 -5256
 -5121
 -2500
  -231
  -417
 -3153
 -6264
 -6910
 -3287
  3788
 11069
 14644
 12025
  3824
 -6429
-14109
-15727
-10852
 -2194
  5965
 10051
  9090
  4779
   378
 -1547
  -472
  1754
  2439
   -69
 -5141
 -9942
-11204
 -7077
  1372
 10480
 15850
 14672
  7318
 -2782
-11053
-13940
-10863
 -4158
  2389
  5676
  5043
  2252
   142
   630
  3493
  6373
  6427
  2234
 -5017
-11897
-14542
-10943
 -2125
  8006
 14888
 15400
  9636
   709
 -7100
-10427
 -8755
 -4116
   170
  1713
   390
 -1780
 -2121
   763
  5886
 10272
 10728
  5825
 -2941
-11678
-16099
-13824
 -5714
  4430
 12067
 13960
 10051
  3230
 -2101
 -3510
 -1293
  1881
  2821
  -248
 -6410
-12437
-14760
-11418
 -3442
  5753
 12093
 13147
  9325
  3559
  -633
 -1078
  1661
  4851
  5236
  1275
 -5896
-12902
-15975
-13204
 -5617
  3295
  9591
 10898
  7751
  3008
    40
   748
  4298
  7790
  7966
  3377
 -4621
-12436
-16303
-14228
 -7317
  1019
  6937
  8199
  5445
  1583
  -177
  1790
  6349
 10393
 10679
  5791
 -2708
-11174
-15712
-14408
 -8298
  -803
  4397
  5275
  2664
  -548
 -1256
  1936
  7601
 12443
 13100
  8261
  -452
 -9244
-14287
-13654
 -8467
 -1984
  2255
  2453
  -377
 -3217
 -3071
  1209
  7995
 13707
 14974
 10465
  1917
 -6920
-12186
-12073
 -7703
 -2332
   743
   -18
 -3332
 -6124
 -5429
  -261
  7474
 14106
 16094
 12169
  4056
 -4445
 -9633
 -9756
 -6117
 -1798
    23
 -1872
 -5960
 -9038
 -8098
 -2347
  6171
 13569
 16333
 13136
  5758
 -2111
 -6883
 -7000
 -3777
  -397
   200
 -2921
 -7992
-11584
-10735
 -4717
  4245
 12238
 15652
 13245
  6718
  -255
 -4284
 -4027
  -986
  1705
  1230
 -3104
 -9219
-13565
-13079
 -7141
  1979
 10247
 14140
 12420
  6865
   952
 -2087
 -1169
  2028
  4333
  2998
 -2397
 -9583
-14758
-14864
 -9289
  -393
  7849
 11952
 10777
  6082
  1329
  -530
  1331
  4996
  7195
  5298
  -952
 -9032
-15078
-15898
-10936
 -2529
  5339
  9327
  8423
  4482
   827
   231
  3193
  7583
 10025
  7883
  1086
 -7717
-14477
-16052
-11840
 -4209
  2962
  6509
  5600
  2137
  -547
    94
  4265
  9602
 12529
 10474
  3446
 -5748
-13057
-15275
-11889
 -5177
  1065
  3856
  2588
  -651
 -2613
  -891
  4461
 10792
 14433
 12743
  5833
 -3460
-10997
-13680
-11004
 -5314
  -176
  1607
  -296
 -3651
 -5194
 -2615
  3762
 11112
 15548
 14444
  7936
 -1073
 -8537
-11410
 -9308
 -4525
  -589
    10
 -2815
 -6593
 -8002
 -4862
  2330
 10519
 15781
 15393
  9536
  1075
 -5966
 -8717
 -6906
 -2924
  -119
  -793
 -4684
 -9146
-10765
 -7390
   307
  9161
 15098
 15462
 10382
  2760
 -3561
 -5859
 -4073
  -630
  1200
  -697
 -5755
-11108
-13197
 -9889
 -2030
  7154
 13588
 14597
 10388
  3732
 -1595
 -3131
 -1010
  2186
  3239
   255
 -5954
-12260
-15017
-12112
 -4392
  4832
 11460
 12924
  9455
  3872
  -315
  -834
  1888
  5160
  5765
  1940
 -5253
-12525
-16048
-13746
 -6462
  2418
  8932
 10578
  7718
  3090
   139
   798
  4388
  8064
  8514
  4137
 -3821
-11877
-16190
-14603
 -8028
   247
  6296
  7821
  5283
  1500
  -294
  1636
  6277
 10570
 11205
  6614
 -1802
-10465
-15421
-14592
 -8834
 -1456
  3839
  4905
  2427
  -777
 -1568
  1569
  7338
 12475
 13543
  9051
   502
 -8432
-13846
-13656
 -8804
 -2436
  1837
  2154
  -650
 -3539
 -3561
   666
  7523
 13566
 15295
 11210
  2875
 -6041
-11618
-11900
 -7835
 -2596
   500
  -204
 -3549
 -6502
 -6029
 -1001
  6808
 13764
 16239
 12775
  4925
 -3590
 -9020
 -9485
 -6070
 -1851
     1
 -1866
 -6041
 -9355
 -8717
 -3156
  5364
 13052
 16286
 13556
  6467
 -1385
 -6315
 -6672
 -3614
  -263
   393
 -2731
 -7914
-11805
-11331
 -5590
  3336
 11574
 15427
 13473
  7249
   344
 -3801
 -3706
  -747
  1987
  1617
 -2685
 -8953
-13642
-13590
 -7992
  1028
  9484
 13766
 12464
  7193
  1351
 -1744
  -919
  2279
  4709
  3541
 -1806
 -9116
-14660
-15239
-10056
 -1319
  7061
 11476
 10661
  6203
  1534
  -363
  1469
  5217
  7625
  5970
  -164
 -8368
-14784
-16106
-11580
 -3387
  4539
  8782
  8169
  4422
   812
   182
  3150
  7688
 10418
  8595
  1959
 -6899
-13999
-16063
-12295
 -4919
  2291
  6010
  5310
  1959
  -742
  -172
  4034
  9531
 12803
 11135
  4357
 -4849
-12447
-15113
-12149
 -5688
   528
  3442
  2305
  -905
 -2956
 -1351
  3999
 10535
 14564
 13317
  6719
 -2525
-10290
-13369
-11078
 -5620
  -515
  1335
  -509
 -3919
 -5630
 -3229
  3135
 10658
 15504
 14889
  8734
  -167
 -7804
-10998
 -9221
 -4632
  -727
   -78
 -2900
 -6810
 -8467
 -5576
  1527
  9885
 15548
 15662
 10194
  1908
 -5229
 -8237
 -6682
 -2838
   -38
  -673
 -4606
 -9269
-11218
 -8167
  -619
  8362
 14677
 15533
 10868
  3441
 -2930
 -5401
 -3786
  -404
  1477
  -354
 -5496
-11070
-13530
-10636
 -2969
  6279
 13044
 14494
 10669
  4212
 -1126
 -2783
  -754
  2469
  3648
   782
 -5461
-12025
-15208
-12745
 -5301
  3925
 10815
 12671
  9548
  4143
   -35
  -630
  2075
  5456
  6267
  2618
 -4600
-12096
-16064
-14239
 -7279
  1544
  8259
 10224
  7649
  3160
   206
   820
  4473
  8310
  9045
  4914
 -2996
-11271
-16018
-14923
 -8700
  -530
  5651
  7424
  5096
  1392
  -438
  1450
  6168
 10707
 11700
  7450
  -881
 -9698
-15062
-14716
 -9331
 -2095
  3272
  4507
  2155
 -1043
 -1917
  1325
  6848
 11043
 10849
  5202
 -3987
-12519
-16277
-13197
 -4684
  5330
 12304
 13434
  9065
  2156
 -3531
 -5529
 -4031
 -1246
    71
 -1429
 -4717
 -7118
 -5929
  -497
  7218
 13335
 14353
  9000
  -650
-10329
-15653
-14282
 -7302
  1668
  8330
 10129
  7364
  2662
  -834
 -1306
   601
  2463
  1807
 -2112
 -7553
-11168
-10131
 -3769
  5541
 13511
 16220
 12079
  2998
 -6852
-13051
-13201
 -8121
 -1053
  4285
  5727
  3846
  1040
   -15
  1745
  4999
  6977
  5168
  -707
 -8341
-13788
-13796
 -7583
  2391
 11627
 15949
 13512
  5855
 -3055
 -9153
-10165
 -6820
 -2008
  1220
  1316
  -703
 -2374
 -1309
  2893
  8175
 11184
  9282
  2295
 -7022
-14351
-15969
-10841
 -1283
  8288
 13618
 12816
  7093
   -31
 -4969
 -5853
 -3603
  -840
   -71
 -2073
 -5231
 -6751
 -4353
  1917
  9384
 14093
 13067
  6050
 -4085
-12792
-16068
-12598
 -4374
  4415
  9832
 10062
  6221
  1351
 -1571
 -1319
   821
  2225
   758
 -3659
 -8712
-11051
 -8341
  -786
  8447
 15024
 15531
  9461
  -420
 -9623
-14045
-12283
 -5996
  1111
  5556
  5905
  3346
   638
   173
  2381
  5427
  6437
  3447
 -3110
-10327
-14230
-12207
 -4443
  5756
 13793
 16000
 11537
  2871
 -5714
-10416
 -9846
 -5562
  -697
  1866
  1297
  -901
 -2055
  -179
  4395
  9169
 10785
  7267
  -723
 -9781
-15531
-14926
 -7974
  2136
 10817
 14307
 11619
  4850
 -2161
 -6089
 -5861
 -3062
  -461
  -301
 -2676
 -5565
 -6064
 -2487
  4294
 11157
 14201
 11180
  2804
 -7365
-14661
-15748
-10348
 -1328
  6909
 10871
  9537
  4848
    54
 -2138
 -1227
   965
  1824
  -417
 -5098
 -9514
-10414
 -6101
  2256
 10998
 15853
 14138
  6418
 -3824
-11906
-14390
-10828
 -3656
  3148
  6527
  5773
  2736
   297
   441
  2971
  5614
  5583
  1497
 -5468
-11865
-14025
-10019
 -1104
  8888
 15346
 15313
  9058
  -221
 -8039
-11196
 -9124
 -4101
   557
  2368
  1160
 -1012
 -1554
  1036
  5763
  9752
  9893
  4850
 -3774
-12106
-15999
-13186
 -4768
  5463
 12852
 14320
  9916
  2434
 -4103
 -6890
 -5620
 -2412
  -151
  -597
 -3225
 -5595
 -5026
  -455
  6564
 12441
 13669
  8736
  -614
-10292
-15853
-14702
 -7658
  1757
  9065
 11367
  8610
  3318
 -1152
 -2556
 -1077
  1058
  1247
 -1664
 -6370
 -9880
 -9251
 -3557
  5257
 13078
 15957
 12080
  3063
 -7031
-13646
-14086
 -8899
 -1199
  4994
  7137
  5403
  2073
    22
   764
  3450
  5532
  4395
  -611
 -7605
-12877
-13153
 -7372
  2330
 11598
 16171
 13922
  6176
 -3238
 -9978
-11426
 -7997
 -2513
  1713
  2676
   979
 -1058
  -918
  2289
  6913
  9914
  8492
  2167
 -6676
-13904
-15731
-10854
 -1326
  8516
 14260
 13690
  7762
   -18
 -5812
 -7321
 -5112
 -1728
    80
  -956
 -3642
 -5374
 -3717
  1686
  8567
 13180
 12477
  5890
 -4000
-12771
-16308
-12995
 -4630
  4695
 10739
 11352
  7312
  1702
 -2231
 -2776
  -846
  1032
   539
 -2908
 -7388
 -9812
 -7645
  -756
  8042
 14571
 15315
  9482
  -401
 -9899
-14722
-13137
 -6572
  1234
  6519
  7414
  4788
  1373
  -157
  1139
  3819
  5144
  2953
 -2749
 -9438
-13322
-11673
 -4336
  5651
 13785
 16252
 11911
  3059
 -6088
-11391
-11133
 -6554
  -887
  2683
  2833
   731
 -1012
  -133
  3508
  7799
  9592
  6672
  -657
 -9324
-15070
-14730
 -8002
  2145
 11142
 15010
 12441
  5328
 -2421
 -7162
 -7396
 -4419
 -1032
   202
 -1323
 -3932
 -4870
 -2139
  3808
 10212
 13309
 10705
  2748
 -7242
-14655
-16008
-10695
 -1441
  7375
 11905
 10782
  5731
    80
 -3106
 -2825
  -613
   926
  -292
 -4086
 -8137
 -9281
 -5610
  2096
 10497
 15396
 13964
  6450
 -3862
-12275
-15114
-11604
 -4026
  3542
  7711
  7314
  3996
   697
  -231
  1525
  3997
  4500
  1296
 -4840
-10875
-13161
 -9607
 -1097
  8733
 15365
 15577
  9357
  -186
 -8593
-12257
-10332
 -4858
   708
  3474
  2802
   473
  -812
   741
  4630
  8359
  8831
  4493
 -3523
-11567
-15546
-13035
 -4802
  5508
 13263
 15054
 10636
  2690
 -4628
 -8136
 -7150
 -3556
  -374
   236
 -1701
 -4041
 -4067
  -404
  5829
 11416
 12840
  8391
  -574
-10147
-15886
-14968
 -7935
  1802
  9703
 12484
  9767
  3941
 -1455
 -3776
 -2744
  -361
   669
 -1201
 -5148
 -8487
 -8272
 -3287
  4921
 12508
 15526
 11953
  3096
 -7114
-14095
-14823
 -9560
 -1337
  5646
  8483
  6905
  3088
    67
  -220
  1866
  4006
  3569
  -513
 -6790
-11832
-12368
 -7095
  2244
 11446
 16220
 14187
  6409
 -3385
-10693
-12566
 -9092
 -2995
  2177
  4006
  2651
   255
  -509
  1663
  5607
  8539
  7605
  2028
 -6261
-13310
-15318
-10752
 -1356
  8634
 14746
 14420
  8377
     0
 -6586
 -8726
 -6568
 -2602
   221
   167
 -2016
 -3920
 -3035
  1441
  7659
 12658
 13089
  7052
 -2720
-11023
-13586
 -9966
 -3682
   546
     0
 -3955
 -7127
 -5550
  1393
 10258
 15908
 14872
  7849
  -863
 -6266
 -6103
 -2227
   936
  -193
 -5657
-11798
-13827
 -9308
     0
  9147
 13369
 11141
  5164
   160
  -391
  3152
  6967
  6764
   903
 -8028
-15007
-15815
-10030
 -1336
  5170
  6311
  3016
  -691
  -679
  4086
 10607
 14089
 11227
  2751
 -6962
-12721
-12029
 -6626
 -1091
   565
 -2311
 -6566
 -7632
 -3037
  5651
 13655
 16281
 11997
  3633
 -3767
 -6260
 -3736
   241
  1306
 -2542
 -9169
-13921
-12782
 -5393
  4500
 11625
 12556
  8044
  2189
  -521
  1538
  5925
  8146
  4951
 -3167
-11919
-16254
-13657
 -5936
  2059
  5870
  4347
   312
 -1689
  1107
  7580
 13334
 13926
  7907
 -1834
-10102
-12698
 -9288
 -3431
   223
  -861
 -5145
 -8355
 -6570
   664
  9846
 15727
 14916
  8178
  -165
 -5198
 -4819
 -1006
  1801
   138
 -5856
-12355
-14594
-10140
  -874
  8221
 12437
 10359
  4752
   303
   320
  4265
  8203
  7856
  1706
 -7520
-14737
-15761
-10244
 -1912
  4201
  5059
  1739
 -1689
 -1180
  4103
 11074
 14793
 12026
  3605
 -6041
-11760
-11159
 -6066
 -1052
    18
 -3323
 -7762
 -8778
 -3930
  5050
 13297
 16128
 12100
  4083
 -2909
 -5064
 -2428
  1354
  1988
 -2417
 -9512
-14558
-13557
 -6244
  3570
 10627
 11599
  7340
  1964
  -144
  2421
  7123
  9351
  5924
 -2453
-11471
-16010
-13650
 -6256
  1327
  4752
  3036
  -872
 -2510
   813
  7777
 13869
 14627
  8700
  -953
 -9127
-11709
 -8478
 -3035
    38
 -1606
 -6254
 -9547
 -7609
   -92
  9313
 15398
 14803
  8372
   437
 -4178
 -3532
   268
  2761
   597
 -5905
-12808
-15236
-10892
 -1723
  7260
 11417
  9452
  4198
   302
   906
  5283
  9385
  8945
  2565
 -6906
-14325
-15546
-10316
 -2377
  3297
  3820
   426
 -2770
 -1801
  4021
 11392
 15363
 12729
  4416
 -5105
-10727
-10177
 -5370
  -862
  -396
 -4243
 -8933
 -9930
 -4885
  4336
 12790
 15820
 12056
  4420
 -2114
 -3876
 -1076
  2558
  2763
 -2145
 -9696
-15040
-14201
 -7031
  2668
  9599
 10559
  6514
  1595
    87
  3190
  8214
 10494
  6914
 -1685
-10883
-15618
-13487
 -6443
   691
  3683
  1724
 -2128
 -3426
   390
  7824
 14256
 15210
  9412
   -96
 -8118
-10635
 -7546
 -2499
    -3
 -2224
 -7264
-10684
 -8647
  -951
  8674
 14926
 14532
  8425
   929
 -3224
 -2261
  1574
  3801
  1174
 -5810
-13069
-15744
-11546
 -2529
  6283
 10327
  8434
  3509
   153
  1357
  6191
 10497
 10018
  3461
 -6201
-13780
-15180
-10240
 -2721
  2474
  2593
  -904
 -3938
 -2545
  3745
 11550
 15796
 13335
  5185
 -4147
 -9618
 -9075
 -4529
  -524
  -674
 -5024
 -9994
-11017
 -5832
  3567
 12176
 15358
 11852
  4612
 -1436
 -2764
   249
  3786
  3630
 -1752
 -9728
-15373
-14720
 -7690
  1791
  8537
  9435
  5569
  1087
   173
  3829
  9204
 11579
  7902
  -861
-10227
-15083
-13167
 -6489
   165
  2682
   431
 -3415
 -4419
  -150
  7727
 14491
 15649
 10026
   718
 -7093
 -9492
 -6504
 -1829
   103
 -2705
 -8162
-11748
 -9663
 -1800
  7944
 14323
 14110
  8331
  1315
 -2353
 -1027
  2893
  4902
  1857
 -5577
-13193
-16108
-12088
 -3273
  5311
  9169
  7321
  2678
  -138
  1670
  6988
 11538
 11071
  4400
 -5397
-13096
-14656
-10032
 -2939
  1734
  1444
 -2254
 -5129
 -3365
  3371
 11555
 16069
 13798
  5851
 -3222
 -8499
 -7910
 -3584
   -52
  -801
 -5674
-10952
-12045
 -6777
  2742
 11454
 14767
 11493
  4664
  -869
 -1721
  1551
  5042
  4574
 -1241
 -9615
-15553
-15103
 -8300
   958
  7461
  8245
  4517
   446
   111
  4331
 10080
 12589
  8867
     0
 -9440
-14416
-12698
 -6389
  -240
  1766
  -823
 -4713
 -5473
  -796
  7490
 14565
 15954
 10529
  1469
 -6074
 -8300
 -5370
 -1035
   350
 -3045
 -8935
-12721
-10638
 -2714
  7137
 13599
 13542
  8081
  1537
 -1565
   173
  4231
  6073
  2652
 -5199
-13157
-16325
-12518
 -3956
  4339
  7989
  6105
  1744
  -576
  1832
  7636
 12453
 12041
  5310
 -4559
-12321
-14000
 -9621
 -3009
  1122
   366
 -3554
 -6345
 -4261
  2878
 11413
 16189
 14124
  6421
 -2375
 -7368
 -6683
 -2534
   552
  -780
 -6185
-11794
-12997
 -7700
  1881
 10642
 14032
 10986
  4571
  -423
  -764
  2813
  6307
  5577
  -624
 -9361
-15572
-15342
 -8751
   186
  6391
  7008
  3375
  -302
   -92
  4690
 10828
 13507
  9791
   878
 -8598
-13629
-12084
 -6138
  -513
   959
 -2019
 -6001
 -6568
 -1533
  7122
 14487
 16103
 10920
  2142
 -5056
 -7054
 -4161
  -110
   743
 -3236
 -9581
-13603
-11574
 -3626
  6251
 12747
 12821
  7680
  1657
  -906
  1276
  5515
  7242
  3503
 -4714
-12976
-16378
-12797
 -4522
  3436
  6814
  4850
   710
 -1136
  1294
  5427
  9503
 11605
 10345
  5495
 -1784
 -9341
-14777
-16316
-13457
 -7200
   383
  6902
 10512
 10546
  7742
  3699
   306
 -1092
  -246
  1919
  3783
  3843
  1276
 -3497
 -8928
-12928
-13711
-10486
 -3882
  4232
 11392
 15415
 15157
 10983
  4477
 -2087
 -6665
 -8139
 -6745
 -3790
 -1063
    27
 -1064
 -3656
 -6219
 -7038
 -4992
  -108
  6313
 12167
 15290
 14334
  9314
  1629
 -6367
-12330
-14512
-12660
 -7859
 -2021
  2737
  5003
  4576
  2435
   233
  -536
   928
  4179
  7792
  9915
  9066
  4808
 -1938
 -9189
-14584
-16249
-13493
 -7173
   691
  7712
 11842
 12173
  9234
  4620
   316
 -2121
 -2110
  -326
  1742
  2469
   850
 -2993
 -7767
-11535
-12477
 -9638
 -3449
  4424
 11574
 15751
 15647
 11408
  4593
 -2570
 -7855
 -9900
 -8693
 -5417
 -1885
   261
   201
 -1691
 -4072
 -5243
 -3933
    93
  5804
 11266
 14356
 13621
  8851
  1300
 -6770
-12955
-15418
-13631
 -8527
 -2071
  3509
  6598
  6685
  4555
  1797
    91
   456
  2781
  5888
  8019
  7622
  4041
 -2015
 -8845
-14101
-15863
-13284
 -7020
  1012
  8403
 12964
 13563
 10541
  5406
   230
 -3181
 -3979
 -2572
  -319
  1104
   480
 -2364
 -6413
 -9907
-11018
 -8645
 -2959
  4537
 11527
 15783
 15825
 11617
  4561
 -3069
 -8936
-11493
-10463
 -6893
 -2608
   573
  1531
   342
 -1851
 -3388
 -2862
   240
  5132
 10118
 13142
 12658
  8251
   978
 -7020
-13338
-16014
-14315
 -9023
 -2059
  4264
  8087
  8656
  6540
  3269
   632
  -100
  1280
  3863
  6006
  6098
  3287
 -2040
 -8311
-13324
-15159
-12802
 -6703
  1379
  8994
 13866
 14701
 11617
  6025
    65
 -4266
 -5839
 -4798
 -2360
  -230
   181
 -1622
 -4892
 -8058
 -9365
 -7522
 -2471
  4510
 11244
 15508
 15695
 11590
  4441
 -3527
 -9888
-12882
-12020
 -8192
 -3205
   951
  2888
  2403
   400
 -1511
 -1801
   294
  4324
  8770
 11673
 11463
  7517
   657
 -7153
-13480
-16299
-14707
 -9314
 -1961
  4980
  9460
 10472
  8377
  4619
  1077
  -744
  -287
  1740
  3892
  4504
  2531
 -1929
 -7552
-12293
-14174
-12101
 -6285
  1673
  9383
 14497
 15539
 12433
  6483
  -151
 -5308
 -7591
 -6888
 -4296
 -1474
   -35
  -757
 -3235
 -6084
 -7529
 -6272
 -1964
  4371
 10752
 14930
 15251
 11318
  4196
 -3966
-10691
-14049
-13344
 -9293
 -3667
  1402
  4264
  4457
  2636
   348
  -777
   267
  3343
  7197
  9997
 10070
  6670
   352
 -7106
-13344
-16268
-14808
 -9406
 -1789
  5643
 10685
 12084
 10005
  5825
  1420
 -1451
 -1927
  -414
  1746
  2874
  1795
 -1715
 -6600
-10986
-12931
-11183
 -5763
  1927
  9594
 14850
 16068
 12987
  6775
  -419
 -6302
 -9245
 -8870
 -6113
 -2621
  -163
   197
 -1458
 -3959
 -5617
 -4972
 -1498
  4084
  9994
 14045
 14525
 10848
  3889
 -4318
-11282
-14942
-14371
-10142
 -4004
  1881
  5641
  6452
  4809
  2148
   197
   155
  2223
  5433
  8090
  8495
  5714
    60
 -6909
-12944
-15909
-14599
 -9283
 -1533
  6229
 11752
 13486
 11450
  6864
  1662
 -2201
 -3585
 -2606
  -436
  1261
  1096
 -1399
 -5465
 -9448
-11438
-10072
 -5157
  2125
  9612
 14917
 16291
 13257
  6879
  -725
 -7222
-10752
-10682
 -7751
 -3630
  -204
  1222
   395
 -1750
 -3610
 -3639
 -1068
  3663
  9005
 12880
 13525
 10171
  3515
 -4589
-11665
-15549
-15130
-10788
 -4211
  2385
  6939
  8349
  6880
  3857
  1064
   -54
   999
  3544
  6049
  6809
  4718
  -161
 -6527
-12268
-15242
-14132
 -8975
 -1230
  6742
 12589
 14647
 12642
  7685
  1771
 -2998
 -5252
 -4791
 -2608
  -349
   444
  -979
 -4163
 -7688
 -9711
 -8774
 -4451
  2272
  9442
 14693
 16188
 13282
  6853
 -1076
 -8040
-12078
-12287
 -9229
 -4521
  -151
  2296
  2287
   501
 -1566
 -2294
  -683
  3130
  7802
 11458
 12277
  9334
  3070
 -4789
-11824
-15857
-15586
-11201
 -4268
  2915
  8145
 10110
  8807
  5444
  1847
  -344
  -313
  1551
  3895
  5029
  3696
  -336
 -5974
-11328
-14279
-13401
 -8522
  -925
  7136
 13197
 15513
 13572
  8340
  1810
 -3795
 -6844
 -6874
 -4682
 -1873
  -126
  -460
 -2750
 -5773
 -7831
 -7366
 -3747
  2335
  9074
 14176
 15769
 13031
  6658
 -1434
 -8772
-13209
-13665
-10501
 -5255
   -14
  3415
  4204
  2772
   495
  -953
  -362
  2445
  6406
  9786
 10808
  8347
  2618
 -4853
-11769
-15858
-15732
-11379
 -4233
  3417
  9241
 11695
 10551
  6878
  2517
  -707
 -1673
  -484
  1673
  3195
  2662
  -421
 -5280
-10166
-13038
-12425
 -7920
  -611
  7373
 13571
 16080
 14219
  8798
  1761
 -4570
 -8343
 -8840
 -6642
 -3300
  -613
   159
 -1205
 -3724
 -5815
 -5860
 -3025
  2281
  8475
 13380
 15046
 12547
  6352
 -1755
 -9318
-14077
-14761
-11534
 -5832
   182
  4517
  6044
  4946
  1759
  -643
  1366
  6859
 11667
 11492
  4910
 -5120
-13267
-15223
-10525
 -2804
  2969
  3799
   725
 -2243
 -1276
  4274
 11138
 14440
 11096
  2130
 -7783
-13421
-12357
 -6481
  -457
  1716
  -566
 -4146
 -4688
   -50
  7971
 14534
 15205
  8950
  -934
 -9064
-11472
 -8127
 -2731
   232
 -1323
 -5490
 -7943
 -5180
  2629
 11508
 16249
 13864
  5763
 -3327
 -8423
 -7718
 -3500
  -171
 -1006
 -5541
-10016
 -9985
 -3846
  5890
 13934
 15841
 10879
  2467
 -4185
 -5784
 -2915
   565
   614
 -3873
-10041
-13181
 -9972
 -1169
  8772
 14548
 13407
  7054
    67
 -3141
 -1560
  1982
  3197
  -505
 -7675
-13820
-14401
 -8126
  1902
 10376
 13030
  9509
  3370
  -745
  -240
  3398
  6016
  3924
 -3123
-11465
-16003
-13521
 -5162
  4409
 10098
  9615
  5027
   734
   367
  4000
  8112
  8378
  2762
 -6473
-14296
-16115
-10910
 -1951
  5513
  7761
  5002
   943
  -181
  3179
  8657
 11635
  8711
   217
 -9586
-15366
-14152
 -7294
   517
  4708
  3725
   115
 -1825
   814
  7092
 12749
 13323
  7180
 -2874
-11522
-14323
-10580
 -3701
  1475
  1973
 -1204
 -4066
 -2755
  3378
 11128
 15389
 12876
  4390
 -5552
-11625
-11317
 -6287
 -1037
   517
 -2201
 -6069
 -6691
 -1780
  6839
 14322
 16012
 10628
  1236
 -6892
 -9650
 -6926
 -2250
     1
 -2227
 -6997
 -9914
 -7344
   667
 10179
 15870
 14525
  7278
 -1322
 -6333
 -5892
 -2110
   639
  -879
 -6174
-11400
-11979
 -6097
  3790
 12468
 15318
 11349
  3771
 -2425
 -3822
 -1030
  2150
  1750
 -3414
-10429
-14457
-11962
 -3466
  6609
 12990
 12731
  7277
  1056
 -1623
   273
  3924
  5026
   933
 -6935
-14016
-15570
-10083
  -386
  8218
 11409
  8640
  3276
   -88
  1011
  5119
  8004
  5961
 -1433
-10507
-16027
-14561
 -6956
  2232
  7995
  7950
  3946
   332
   670
  4974
  9742
 10435
  4964
 -4595
-13174
-15980
-11779
 -3568
  3512
  5741
  3238
  -363
  -925
  3149
  9433
 13191
 10837
  2520
 -7594
-14105
-13850
 -7940
  -841
  2930
  1816
 -1746
 -3406
  -259
  6762
 13337
 14785
  9301
  -547
 -9506
-12963
-10110
 -4059
   424
   424
 -3042
 -6042
 -4587
  2028
 10553
 15816
 14254
  6439
 -3260
 -9616
 -9860
 -5565
 -1062
  -203
 -3525
 -7878
 -8782
 -3826
  5244
 13557
 16292
 11865
  3139
 -4743
 -7652
 -5357
 -1264
   331
 -2623
 -8104
-11685
 -9530
 -1536
  8425
 14955
 14629
  8315
   363
 -4380
 -3936
  -406
  1897
  -202
 -6274
-12318
-13711
 -8332
  1530
 10622
 14278
 11250
  4548
 -1013
 -2040
   896
  4008
  3315
 -2422
-10273
-15258
-13635
 -5683
  4324
 11102
 11566
  6944
  1519
  -534
  1841
  5839
  7021
  2753
 -5682
-13649
-16233
-11650
 -2484
  6002
  9513
  7349
  2688
    24
  1795
  6538
  9923
  8101
   593
 -9056
-15486
-15071
 -8358
   284
  5902
  6052
  2468
  -583
   421
  5502
 11015
 12357
  7230
 -2435
-11588
-15295
-12101
 -4724
  1796
  3795
  1352
 -2050
 -2155
  2569
  9687
 14340
 12720
  4823
 -5376
-12454
-13021
 -8024
 -1708
  1482
    22
 -3663
 -5276
 -1784
  5862
 13380
 15815
 11141
  1717
 -7303
-11240
 -9118
 -3859
  -116
  -736
 -4699
 -8013
 -6649
   254
  9449
 15680
 15140
  8154
 -1115
 -7482
 -8095
 -4380
  -551
  -381
 -4414
 -9399
-10818
 -6042
  3303
 12284
 15997
 12584
  4659
 -2782
 -5645
 -3565
   143
  1186
 -2465
 -8753
-13113
-11596
 -3845
  6354
 13563
 14178
  8818
  1640
 -2651
 -2014
  1482
  3543
   978
 -5809
-12763
-15064
-10382
  -797
  8512
 12807
 10627
  4773
   -65
  -583
  2719
  5986
  5176
  -956
 -9557
-15525
-14883
 -7680
  2083
  9011
 10009
  6097
  1420
    77
  3055
  7584
  9093
  4841
 -3987
-12720
-16342
-12754
 -4307
  3870
  7477
  5703
  1597
  -420
  2071
  7545
 11607
 10257
  2828
 -7205
-14437
-15014
 -9266
 -1299
  3957
  4080
   733
 -1943
  -367
  5440
 11833
 13986
  9393
  -126
 -9650
-14132
-11857
 -5376
   489
  2063
  -565
 -3920
 -3788
  1465
  9379
 14996
 14279
  6984
 -3072
-10484
-11730
 -7560
 -2050
   484
 -1499
 -5541
 -7305
 -3665
  4530
 12856
 16324
 12572
  3777
 -5077
 -9301
 -7707
 -3135
  -105
 -1417
 -6025
 -9863
 -8805
 -1826
  7897
 14987
 15508
  9421
   770
 -5391
 -6151
 -2825
   465
    -7
 -4794
-10558
-12657
 -8287
  1069
 10583
 15165
 12754
  5707
 -1137
 -3722
 -1635
  1865
  2490
 -1756
 -8868
-14116
-13404
 -6119
  4116
 11786
 13212
  8761
  2399
 -1290
  -289
  3416
  5447
  2579
 -4810
-12654
-15938
-12120
 -3026
  6273
 10994
  9515
  4443
   360
   481
  4279
  7940
  7255
   899
 -8325
-15230
-15626
 -9291
   -21
  6855
  8174
  4827
   801
   144
  3832
  9030
 11073
  7037
 -1953
-11320
-15894
-13331
 -5722
  1982
  5506
  5098
  2443
  -152
  -576
  1972
  6382
 10375
 11439
  8191
  1197
 -7185
-13824
-16195
-13502
 -7043
   438
  6036
  7965
  6359
  3014
   379
   264
  2875
  6713
  9321
  8563
  3747
 -3805
-11345
-15875
-15524
-10388
 -2543
  4961
  9451
  9776
  6803
  2792
   131
   270
  2862
  6013
  7298
  5045
  -703
 -7995
-14003
-16042
-13008
 -5927
  2547
  9285
 12055
 10515
  6169
  1586
  -934
  -442
  2133
  4628
  4788
  1492
 -4534
-10963
-14910
-14319
 -8952
  -626
  7619
 12834
 13436
  9885
  4319
  -529
 -2631
 -1655
   971
  2924
  2233
 -1637
 -7363
-12357
-14027
-10989
 -3890
  4826
 11966
 15036
 13215
  7782
  1369
 -3297
 -4643
 -2991
  -202
  1349
    97
 -3912
 -8865
-12147
-11578
 -6539
  1518
  9705
 15020
 15515
 11283
  4348
 -2349
 -6301
 -6540
 -4056
 -1010
   297
 -1291
 -5100
 -9019
-10526
 -7986
 -1613
  6547
 13430
 16340
 14116
  7786
   -43
 -6350
 -9048
 -7886
 -4419
 -1105
   -18
 -1777
 -5232
 -8023
 -7895
 -3865
  3144
 10607
 15514
 15714
 10982
  3134
 -4808
-10029
-10993
 -8229
 -3829
  -349
   462
 -1452
 -4440
 -6166
 -4718
   249
  7156
 13228
 15721
 13239
  6486
 -2119
 -9397
-12855
-11753
 -7366
 -2203
  1227
  1619
  -489
 -3122
 -3950
 -1541
  3772
  9935
 14117
 14086
  9267
  1155
 -7334
-13125
-14315
-11024
 -5198
   358
  3390
  3131
   700
 -1669
 -1825
  1147
  6283
 11187
 13281
 10895
  4304
 -4308
-11800
-15443
-14092
 -8730
 -1904
  3572
  5768
  4609
  1727
  -492
  -181
  2992
  7520
 10964
 10987
  6643
  -977
 -9201
-14924
-15973
-12106
 -5094
  2187
  6938
  7898
  5603
  2202
    77
   708
  3809
  7570
  9476
  7672
  1966
 -5871
-12899
-16294
-14606
 -8516
  -452
  6498
  9955
  9286
  5791
  1892
  -129
   735
  3683
  6576
  7063
  3838
 -2545
 -9812
-14974
-15727
-11468
 -3726
  4594
 10473
 12079
  9586
  4929
   670
 -1117
    41
  2819
  4907
  4235
    95
 -6263
-12305
-15214
-13326
 -6956
  1665
  9380
 13483
 12891
  8560
  2901
 -1405
 -2690
 -1114
  1571
  3003
  1493
 -3022
 -8810
-13156
-13674
 -9444
 -1646
  6968
 13244
 15042
 12093
  6110
  -108
 -4025
 -4509
 -2349
   330
  1299
  -722
 -5173
 -9936
-12382
-10641
 -4623
  3723
 11476
 15653
 14837
  9654
  2485
 -3713
 -6735
 -6139
 -3258
  -457
   170
 -2108
 -6173
 -9696
-10263
 -6639
   435
  8564
 14637
 16258
 12801
  5792
 -1927
 -7455
 -9113
 -7157
 -3479
  -566
  -205
 -2556
 -6059
 -8283
 -7188
 -2237
  5158
 12225
 16058
 14914
  9135
   942
 -6556
-10744
-10625
 -7189
 -2773
   163
   225
 -2159
 -5062
 -6090
 -3707
  1954
  8916
 14283
 15552
 11808
  4271
 -4272
-10757
-13029
-10887
 -6023
 -1070
  1657
  1289
 -1150
 -3530
 -3621
  -374
  5382
 11288
 14540
 13240
  7364
 -1155
 -9218
-13941
-13874
 -9681
 -3630
  1478
  3668
  2697
    49
 -1937
 -1344
  2337
  7660
 12084
 13103
  9529
  2157
 -6473
-13192
-15578
-13030
 -6999
  -260
  4510
  5781
  3978
  1032
  -683
   392
  4101
  8590
 11338
 10260
  4899
 -3165
-11025
-15694
-15412
-10501
 -3110
  3749
  7602
  7589
  4789
  1485
   -41
  1290
  4770
  8279
  9357
  6494
    21
 -7895
-14212
-16355
-13379
 -6490
  1590
  7827
 10205
  8621
  4760
  1152
  -197
  1322
  4477
  6951
  6556
  2400
 -4458
-11456
-15638
-15065
 -9688
 -1483
  6477
 11371
 11822
  8525
  3710
   -90
 -1111
   628
  3457
  5001
  3448
 -1433
 -7962
-13427
-15189
-12026
 -4804
  3895
 10895
 13807
 12065
  7137
  1566
 -2070
 -2563
  -474
  2112
  2909
   561
 -4478
-10156
-13703
-13013
 -7680
   627
  8927
 14203
 14713
 10758
  4423
 -1419
 -4500
 -4173
 -1645
   809
  1068
 -1692
 -6452
-10858
-12351
 -9441
 -2573
  5954
 12987
 15950
 13859
  7878
   666
 -4889
 -6952
 -5567
 -2483
   -59
  -158
 -3036
 -7192
-10150
 -9695
 -5035
  2573
 10455
 15548
 15825
 11232
  3729
 -3689
 -8324
 -8957
 -6327
 -2597
  -198
  -566
 -3393
 -6796
 -8317
 -6215
  -447
  7142
 13618
 16258
 13795
  7118
 -1206
 -8055
-11165
-10027
 -6074
 -1809
   489
  -169
 -2895
 -5512
 -5785
 -2480
  3739
 10561
 15053
 15031
 10116
  2057
 -6286
-11810
-12884
 -9821
 -4666
   -88
  1866
   837
 -1829
 -3810
 -3092
   940
  6989
 12459
 14664
 12102
  5305
 -3408
-10852
-14407
-13140
 -8204
 -2127
  2378
  3716
  2126
  -584
 -2055
  -645
  3627
  8967
 12712
 12593
  7882
   -99
 -8531
-14306
-15387
-11725
 -5205
  1286
  5235
  5613
  3293
   436
  -679
  1141
  5254
  9546
 11430
  9216
  2950
 -5358
-12647
-16135
-14528
 -8688
 -1155
  5136
  8008
  7115
  3935
   880
    29
  2036
  5725
  8819
  8972
  5076
 -2015
 -9805
-15237
-16054
-11165
 -1649
  6950
 10266
  7805
  2873
  -111
  1101
  4889
  7181
  4504
 -3064
-11652
-15979
-13007
 -4048
  5957
 11751
 11003
  5713
   439
 -1132
  1307
  4447
  4264
  -966
 -8883
-14594
-13890
 -6337
  4205
 12110
 13535
  8830
  1945
 -2385
 -2055
  1060
  2906
   398
 -5977
-12259
-13688
 -8175
  1953
 11381
 15140
 11777
  4169
 -2568
 -4797
 -2575
   610
   824
 -3312
 -9243
-12326
 -9201
  -388
  9720
 15615
 14185
  6823
 -1747
 -6642
 -6102
 -2427
   186
 -1243
 -5912
 -9971
 -9214
 -2399
  7446
 14938
 15733
  9460
   -65
 -7393
 -9085
 -5826
 -1475
   -46
 -2696
 -6830
 -8081
 -3789
  4893
 13240
 16210
 11689
  2141
 -7078
-11258
 -9210
 -3923
   116
    16
 -3269
 -5934
 -4214
  2492
 10783
 15513
 13192
  4567
 -5785
-12336
-12195
 -6869
  -767
  1944
   282
 -2953
 -3594
   589
  7905
 13729
 13681
  6718
 -3824
-12294
-14412
 -9926
 -2539
  2851
  3474
   570
 -1900
  -496
  5010
 11089
 13054
  8295
 -1465
-11186
-15604
-12695
 -4919
  2700
  5914
  4223
   663
  -573
  2483
  7892
 11284
  8958
   819
 -9246
-15634
-14804
 -7572
  1538
  7404
  7597
  3855
   419
   654
  4551
  8606
  8579
  2641
 -6814
-14554
-15969
-10075
  -364
  7767
 10299
  7298
  2344
  -217
  1440
  5258
  7065
  3724
 -4217
-12525
-16002
-12088
 -2663
  7081
 12090
 10569
  4975
   -24
 -1058
  1657
  4579
  3802
 -1935
 -9824
-14873
-13236
 -5020
  5503
 12754
 13276
  8001
  1159
 -2665
 -1838
  1375
  2809
  -268
 -6864
-12737
-13310
 -6992
  3367
 12299
 15115
 10972
  3156
 -3203
 -4810
 -2234
   790
   493
 -4025
 -9839
-12253
 -8292
   998
 10842
 15885
 13511
  5669
 -2703
 -6926
 -5802
 -2010
   222
 -1688
 -6489
-10119
 -8584
 -1161
  8658
 15472
 15280
  8295
 -1272
 -8032
 -8977
 -5312
 -1102
  -159
 -3167
 -7162
 -7800
 -2800
  6112
 13998
 16021
 10629
   782
 -8002
-11377
 -8696
 -3284
   377
  -214
 -3635
 -5916
 -3563
  3568
 11669
 15614
 12334
  3176
 -6987
-12771
-11791
 -6063
  -163
  2000
   -25
 -3156
 -3273
  1443
  8816
 14065
 13110
  5439
 -5162
-13006
-14213
 -9068
 -1634
  3273
  3335
   243
 -1929
    29
  5822
 11594
 12764
  7186
 -2876
-12168
-15657
-11900
 -3826
  3448
  6029
  3886
   379
  -399
  3086
  8465
 11293
  8149
  -519
-10400
-15980
-14173
 -6379
  2607
  7828
  7338
  3368
   226
   961
  5078
  8811
  8065
  1491
 -8034
-15149
-15586
 -8929
   922
  8514
 10262
  6751
  1844
  -262
  1825
  5613
  6882
  2851
 -5383
-13316
-15894
-11072
 -1269
  8102
 12297
 10048
  4241
  -437
  -948
  2007
  4653
  3264
 -2918
-10709
-15045
-12452
 -3638
  6770
 13283
 12913
  7138
   423
 -2857
 -1560
  1640
  2625
  -995
 -7727
-13119
-12809
 -5765
  4731
 13092
 14979
 10096
  2148
 -3768
 -4757
 -1883
   941
   112
 -4752
-10359
-12052
 -7271
  2389
 11879
 16022
 12742
  4512
 -3576
 -7150
 -5479
 -1629
   202
 -2171
 -7039
-10201
 -7883
    90
  9831
 15891
 14704
  7080
 -2439
 -8575
 -8767
 -4766
  -767
  -323
 -3631
 -7413
 -7402
 -1752
  7307
 14649
 15711
  9506
  -541
 -8862
-11416
 -8130
 -2665
   578
  -481
 -4002
 -5849
 -2819
  4667
 12482
 15581
 11374
  1765
 -8092
-13069
-11290
 -5244
   398
  2013
  -346
 -3312
 -2878
  2332
  9682
 14303
 12407
  4085
 -6479
-13623
-13902
 -8159
  -775
  3599
  3122
   -95
 -1877
   618
  6624
 12016
 12358
  6003
 -4248
-13032
-15592
-11023
 -2726
  4145
  6069
  3522
   115
  -170
  3717
  9003
 11180
  7224
 -1872
-11478
-16198
-13435
 -5174
  3597
  8135
  7041
  2925
    93
  1311
  5591
  8938
  7477
   320
 -9169
-15633
-15074
 -7710
  2174
  9173
 10133
  6160
  1376
  -241
  2214
  5901
  6601
  1916
 -6536
-14011
-15664
 -9988
    97
  9063
 12415
  9476
  3516
  -793
  -788
  2373
  4687
  2673
 -3931
-11528
-15087
-11561
 -2229
  7972
 13672
 12445
  6248
  -276
 -3000
 -1277
  1871
  2373
 -1763
 -8560
-13415
-12215
 -4456
  6082
 13793
 14725
  9161
  1163
 -4234
 -4618
 -1507
  1022
  -334
 -5479
-10807
-11741
 -6171
  3751
 12806
 16022
 11880
  3336
 -4404
 -7290
 -5116
 -1274
   128
 -2691
 -7569
-10169
 -7067
  1388
 10935
 16183
 14013
  5845
 -3532
 -8995
 -8507
 -4228
  -485
  -537
 -4094
 -7599
 -6914
  -675
  8453
 15192
 15266
  8298
 -1863
 -9627
-11356
 -7507
 -2071
   705
  -802
 -4316
 -5680
 -2009
  5761
 13207
 15421
 10340
   372
 -9140
-13273
-10722
 -4420
   904
  1968
  -701
 -3439
 -2428
  3237
 10493
 14416
 11593
  2695
 -7737
-14123
-13476
 -7218
    57
  3873
  2890
  -390
 -1764
  1254
  7411
 12362
 11857
  4780
 -5616
-13806
-15403
-10076
 -1641
  4768
  6011
  3120
   -78
  -312
  3191
  8482
 12149
 11198
  5045
 -4031
-12010
-15390
-12989
 -6630
    75
  3786
  3303
   198
 -2307
 -1492
  3205
  9566
 13971
 13441
  7417
 -1701
 -9927
-13724
-12009
 -6578
  -975
  1692
   472
 -2824
 -4984
 -3370
  2344
  9727
 15006
 15089
  9499
   630
 -7450
-11427
-10174
 -5642
 -1202
   259
 -1925
 -5765
 -7892
 -5767
   733
  9021
 15121
 15950
 11007
  2739
 -4943
 -8709
 -7722
 -3863
  -514
  -329
 -3663
 -8245
-10658
 -8359
 -1366
  7540
 14350
 15908
 11754
  4271
 -2649
 -5918
 -4835
 -1446
   985
   -32
 -4561
-10078
-13046
-10888
 -3749
  5519
 12782
 14955
 11598
  5094
  -847
 -3309
 -1840
  1426
  3171
  1108
 -4585
-11121
-14793
-13051
 -6082
  3167
 10627
 13207
 10563
  5036
   241
 -1169
  1016
  4431
  5801
  2937
 -3731
-11238
-15744
-14618
 -8121
   820
  8112
 10836
  8693
  4105
   500
   299
  3410
  7297
  8624
  5260
 -2151
-10500
-15775
-15386
 -9581
 -1300
  5512
  8047
  6182
  2319
  -150
   931
  5170
  9784
 11349
  7815
   -48
 -8963
-14918
-15264
-10280
 -2839
  3178
  5198
  3262
   -88
 -1611
   672
  6068
 11571
 13659
 10279
  2315
 -6902
-13272
-14238
-10075
 -3667
  1334
  2535
   246
 -2940
 -3749
  -432
  6065
 12560
 15326
 12367
  4621
 -4518
-11038
-12400
 -8995
 -3615
   202
   356
 -2623
 -5915
 -6328
 -2217
  5232
 12621
 16187
 13859
  6630
 -2141
 -8457
 -9959
 -7087
 -2690
   -94
 -1150
 -5017
 -8741
 -9085
 -4496
  3650
 11826
 16136
 14544
  8040
   -20
 -5822
 -7130
 -4569
  -937
   505
 -1812
 -6772
-11159
-11740
 -6994
  1551
 10236
 15183
 14343
  8717
  1559
 -3406
 -4205
 -1605
  1467
  1934
 -1585
 -7657
-12907
-13969
 -9400
  -804
  8123
 13454
 13241
  8475
  2402
 -1516
 -1497
  1420
  4267
  4019
  -510
 -7638
-13830
-15551
-11420
 -3096
  5695
 11139
 11329
  7364
  2366
  -339
   716
  4287
  7221
  6543
  1238
 -6790
-13826
-16319
-12843
 -5087
  3278
  8487
  8825
  5430
  1460
    -2
  2253
  6670
  9997
  9230
  3479
 -5194
-12962
-16177
-13472
 -6475
  1126
  5789
  5940
  2895
  -267
  -553
  2936
  8370
 12352
 11790
  5905
 -3110
-11328
-15142
-13185
 -7121
  -469
  3334
  2996
   -75
 -2618
 -1938
  2732
  9264
 14033
 13955
  8285
  -725
 -9134
-13315
-12012
 -6862
 -1349
  1376
   227
 -3096
 -5402
 -3968
  1679
  9217
 14881
 15451
 10246
  1565
 -6654
-10922
-10036
 -5732
 -1341
   149
 -2010
 -5948
 -8303
 -6435
   -43
  8340
 14801
 16126
 11609
  3550
 -4188
 -8196
 -7478
 -3786
  -461
  -226
 -3567
 -8307
-11020
 -9055
 -2254
  6718
 13860
 15895
 12176
  4929
 -1997
 -5438
 -4547
 -1247
  1231
   283
 -4262
 -9975
-13304
-11545
 -4643
  4611
 12156
 14777
 11825
  5565
  -362
 -2927
 -1569
  1691
  3544
  1609
 -4080
-10830
-14899
-13610
 -6959
  2235
  9916
 12861
 10607
  5296
   549
  -924
  1225
  4721
  6281
  3605
 -3029
-10742
-15674
-15042
 -8917
   -94
  7353
 10394
  8565
  4159
   576
   346
  3476
  7521
  9120
  6019
 -1324
 -9823
-15513
-15626
-10207
 -2084
  4830
  7598
  5965
  2214
  -272
   757
  5042
  9866
 11772
  8574
   869
 -8163
-14487
-15310
-10724
 -3467
  2593
  4783
  2999
  -317
 -1913
   289
  5738
 11490
 13977
 10997
  3232
 -6020
-12706
-14109
-10321
 -4103
   914
  2219
     0
 -3235
 -4190
 -1000
  5557
 12293
 15492
 12984
  5518
 -3616
-10390
-12132
 -9056
 -3841
   -29
   191
 -2787
 -6211
 -6848
 -2927
  4521
 12152
 16175
 14338
  7423
 -1263
 -7763
 -9575
 -6973
 -2706
  -102
 -1132
 -5061
 -8996
 -9647
 -5316
  2804
 11179
 15929
 14851
  8692
   745
 -5179
 -6715
 -4343
  -775
   708
 -1573
 -6622
-11291
-12228
 -7811
   618
  9470
 14814
 14440
  9169
  2144
 -2892
 -3849
 -1355
  1736
  2308
 -1140
 -7308
-12859
-14350
-10172
 -1756
  7279
 12953
 13164
  8727
  2792
 -1164
 -1239
  1654
  4603
  4531
   117
 -7115
-13599
-15781
-12088
 -4000
  4836
 10558
 11112
  7429
  2545
  -181
   823
  4440
  7559
  7134
  2004
 -6067
-13403
-16371
-13359
 -5882
  2470
  7889
  8516
  5337
  1438
   -62
  2171
  6689
 10294
  9838
  4351
 -4341
-12356
-16035
-13810
 -7125
   412
  5214
  5575
  2670
  -481
  -833
  2642
  8248
 12527
 12368
  6796
 -2149
-10587
-14827
-13322
 -7575
 -1015
  2874
  2666
  -326
 -2962
 -2387
  2234
  8911
 14030
 14403
  9102
   224
 -8339
-12882
-11977
 -7106
 -1684
  1094
    20
 -3332
 -5790
 -4553
  1001
  8692
 14695
 15747
 10955
  2463
 -5847
-10405
 -9860
 -5786
 -1462
    68
 -2068
 -6104
 -8693
 -7097
  -855
  7619
 14426
 16242
 12164
  4335
 -3435
 -7667
 -7210
 -3681
  -380
   -92
 -3437
 -8330
-11348
 -9730
 -2373
  8138
 15355
 15227
  8006
 -1907
 -8943
 -9981
 -6031
 -1201
   702
 -1195
 -4185
 -4336
   314
  7895
 13615
 13166
  5691
 -5211
-13664
-15218
 -9627
  -866
  5803
  7234
  4304
   780
   279
  3353
  7071
  7317
  2061
 -6748
-14123
-15251
 -8827
  1903
 11059
 14007
 10102
  2779
 -3012
 -4253
 -1766
   753
   -58
 -4526
 -9435
-10395
 -5109
  4557
 13417
 16279
 11305
  1369
 -7933
-11820
 -9362
 -3558
   973
  1463
 -1130
 -3160
 -1331
  4527
 10944
 13096
  8370
 -1595
-11563
-16089
-12826
 -4109
  4712
  8993
  7535
  3131
     9
   666
  3972
  6077
  3695
 -3343
-11302
-15026
-11409
 -1730
  8848
 14720
 13142
  5988
 -1881
 -5934
 -4972
 -1570
   214
 -1834
 -6263
 -9068
 -6683
  1087
 10463
 15876
 13766
  4986
 -5614
-12381
-12281
 -6713
  -180
  3106
  2030
  -831
 -1589
  1803
  7679
 11643
  9870
  1889
 -8487
-15514
-15138
 -7677
  2350
  9416
 10349
  6237
  1159
  -957
   777
  3729
  3916
  -589
 -7932
-13431
-12782
 -5218
  5680
 13973
 15302
  9483
   521
 -6266
 -7699
 -4632
  -937
  -203
 -3055
 -6630
 -6848
 -1670
  6985
 14117
 15002
  8392
 -2381
-11493
-14274
-10119
 -2565
  3391
  4706
  2213
  -453
   167
  4389
  9118
  9935
  4629
 -4916
-13596
-16201
-11012
  -907
  8407
 12204
  9554
  3542
 -1218
 -1874
   678
  2755
  1053
 -4599
-10757
-12727
 -7900
  2021
 11900
 16198
 12676
  3774
 -5181
 -9436
 -7898
 -3279
    60
  -395
 -3537
 -5626
 -3291
  3567
 11318
 14788
 10988
  1278
 -9278
-14996
-13199
 -5782
  2252
  6379
  5400
  1893
  -101
  1709
  5957
  8637
  6214
 -1476
-10629
-15821
-13484
 -4577
  6109
 12783
 12479
  6712
   -63
 -3489
 -2507
   420
  1321
 -1882
 -7504
-11295
 -9397
 -1434
  8822
 15636
 15008
  7369
 -2804
 -9887
-10701
 -6393
 -1103
  1219
  -371
 -3253
 -3536
   825
  7964
 13218
 12382
  4720
 -6093
-14270
-15372
 -9323
  -138
  6733
  8113
  4966
  1052
    98
  2734
  6202
  6402
  1280
 -7173
-14071
-14728
 -7966
  2857
 11902
 14504
 10133
  2345
 -3789
 -5157
 -2627
   159
  -240
 -4250
 -8761
 -9501
 -4170
  5280
 13724
 16097
 10677
   481
 -8890
-12584
 -9738
 -3478
  1484
  2257
  -201
 -2357
  -819
  4620
 10567
 12355
  7410
 -2488
-12183
-16280
-12520
 -3415
  5645
  9887
  8199
  3421
  -160
   102
  3115
  5168
  2927
 -3789
-11282
-14535
-10568
  -776
  9690
 15249
 13207
  5574
 -2653
 -6844
 -5820
 -2176
    11
 -1576
 -5609
 -8191
 -5772
  1824
 10801
 15730
 13179
  4108
 -6559
-13171
-12685
 -6658
   318
  3905
  2935
     0
 -1067
  1916
  7303
 10927
  8949
   966
 -9132
-15741
-14865
 -7025
  3284
 10350
 11035
  6547
  1019
 -1511
   -71
  2800
  3144
 -1052
 -7942
-12970
-11965
 -4243
  6539
 14534
 15413
  9104
  -243
 -7206
 -8561
 -5255
 -1155
    38
 -2417
 -5743
 -5943
  -923
  7334
 14011
 14433
  7506
 -3332
-12308
-14722
-10118
 -2082
  4199
  5616
  3052
   111
   295
  4061
  8407
  9030
  3705
 -5599
-13834
-15964
-10342
     0
  9357
 12946
  9882
  3407
 -1775
 -2693
  -251
  1957
   594
 -4634
-10330
-11956
 -6934
  2917
 12477
 16334
 12317
  3043
 -6126
-10340
 -8524
 -3516
   284
   210
 -2660
 -4700
 -2556
  3962
 11241
 14266
 10121
   299
-10094
-15478
-13207
 -5331
  3056
  7320
  6228
  2457
    46
  1409
  5265
  7721
  5316
 -2175
-10924
-15627
-12841
 -3656
  7047
 13541
 12846
  6603
  -609
 -4327
 -3412
  -385
   830
 -1939
 -7103
-10528
 -8469
  -532
  9442
 15805
 14683
  6637
 -3727
-10808
-11369
 -6645
  -895
  1830
   474
 -2330
 -2775
  1229
  7916
 12714
 11560
  3744
 -6949
-14773
-15416
 -8885
   637
  7681
  8980
  5532
  1216
  -194
  2077
  5299
  5483
   602
 -7494
-13907
-14132
 -7058
  3828
 12666
 14915
 10050
  1829
 -4626
 -6094
 -3444
  -345
  -316
 -3882
 -8015
 -8561
 -3288
  5897
 13934
 15815
  9967
  -465
 -9794
-13279
-10025
 -3295
  2085
  3121
   698
 -1575
  -389
  4599
 10091
 11535
  6481
 -3359
-12731
-16359
-12110
 -2631
  6575
 10782
  8802
  3599
  -438
  -560
  2222
  4253
  2207
 -4125
-11151
-13970
 -9701
   174
 10499
 15672
 13157
  5076
 -3452
 -7788
 -6649
 -2682
   -81
 -1225
 -4902
 -7249
 -4866
  2467
 11042
 15483
 12514
  3169
 -7511
-13893
-13001
 -6495
   892
  4768
  3863
   775
  -624
  1916
  6866
 10129
  7991
    87
 -9707
-15856
-14499
 -6257
  4218
 11255
 11663
  6747
   765
 -2163
  -934
  1886
  2417
 -1407
 -7843
-12420
-11118
 -3270
  7368
 14990
 15400
  8617
 -1048
 -8160
 -9407
 -5778
 -1263
   382
 -1725
 -4828
 -5039
  -268
  7602
 13793
 13796
  6579
 -4296
-13039
-15071
 -9979
 -1520
  5061
  6551
  3818
   941
   -19
   959
  3374
  5862
  6819
  5053
   513
 -5606
-11289
-14345
-13375
 -8249
  -348
  7917
 14015
 16037
 13487
  7425
   -64
 -6506
-10084
-10098
 -7296
 -3294
   149
  1710
  1178
  -602
 -2107
 -1984
   343
  4368
  8538
 10994
 10220
  5813
 -1180
 -8760
-14413
-16168
-13277
 -6603
  1713
  9171
 13512
 13645
 10052
  4328
 -1330
 -5099
 -6104
 -4705
 -2264
  -354
  -152
 -1784
 -4373
 -6381
 -6254
 -3287
  2102
  8234
 12973
 14365
 11492
  4939
 -3447
-11039
-15505
-15496
-11164
 -4143
  3222
  8629
 10657
  9295
  5682
  1632
 -1178
 -1842
  -658
  1183
  2163
  1180
 -1961
 -6203
 -9789
-10953
 -8590
 -2901
  4627
 11620
 15720
 15420
 10678
  2967
 -5333
-11632
-14181
-12555
 -7740
 -1711
  3386
  6009
  5881
  3852
  1387
    47
   604
  2768
  5268
  6471
  5198
  1092
 -4808
-10564
-13993
-13541
 -8923
 -1283
  7078
 13536
 16119
 14071
  8296
   765
 -6041
-10092
-10578
 -8004
 -3926
  -158
  1849
  1654
    25
 -1661
 -1916
    -9
  3709
  7846
 10547
 10261
  6349
  -350
 -7895
-13860
-16135
-13798
 -7484
   815
  8533
 13378
 14048
 10791
  5117
  -796
 -5004
 -6449
 -5332
 -2848
  -664
   -29
 -1303
 -3738
 -5856
 -6129
 -3611
  1408
  7425
 12373
 14219
 11905
  5737
 -2502
-10331
-15265
-15810
-11912
 -5022
  2506
  8345
 10898
  9891
  6391
  2154
 -1042
 -2134
 -1245
   613
  1854
  1282
 -1449
 -5495
 -9163
-10709
 -8853
 -3578
  3731
 10856
 15367
 15642
 11386
  3886
 -4497
-11217
-14302
-13129
 -8541
 -2415
  3021
  6138
  6368
  4486
  1894
   187
   319
  2175
  4658
  6125
  5244
  1611
 -4024
 -9813
-13578
-13646
 -9514
 -2198
  6187
 13007
 16119
 14602
  9137
  1626
 -5484
-10052
-10987
 -8689
 -4597
  -538
  1901
  2109
   626
 -1150
 -1749
  -303
  3085
  7135
 10069
 10203
  6793
   470
 -7032
-13256
-16030
-14237
 -8333
  -124
  7862
 13166
 14376
 11506
  5926
  -216
 -4857
 -6736
 -5917
 -3476
 -1028
    14
  -860
 -3114
 -5321
 -5912
 -3885
   747
  6623
 11736
 14015
 12223
  6516
 -1579
 -9554
-14939
-16052
-12610
 -5923
  1765
  8004
 11049
 10469
  7117
  2731
  -848
 -2364
 -1781
     0
  1490
  1322
  -998
 -4806
 -8525
-10380
 -9039
 -4223
  2866
 10059
 14970
 15777
 12040
  4816
 -3648
-10710
-14333
-13659
 -9338
 -3172
  2608
  6173
  6836
  5141
  2432
   391
    91
  1633
  4015
  5667
  5243
  2049
 -3277
 -9044
-13094
-13670
-10065
 -3063
  5274
 12400
 16042
 15070
  9969
  2490
 -4866
 -9912
-11358
 -9356
 -5293
  -973
  1883
  2492
  1245
  -626
 -1552
  -520
  2505
  6434
  9526
 10098
  7193
  1227
 -6147
-12595
-15845
-14621
 -9123
 -1049
  7113
 12898
 14648
 12184
  6741
   450
 -4612
 -6987
 -6499
 -4107
 -1457
   -12
  -484
 -2486
 -4756
 -5657
 -4066
   137
  5826
 11057
 13741
 12489
  7220
  -638
 -8760
-14553
-16219
-13268
 -6805
   958
  7581
 11152
 10987
  7838
  3350
  -572
 -2549
 -2307
  -600
  1053
  1277
  -603
 -4137
 -7851
-10014
 -9123
 -4786
  2004
  9245
 14479
 15842
 12617
  5728
 -2746
-10160
-14287
-14126
-10118
 -3960
  2110
  6161
  7231
  5768
  3022
   661
   -62
  1115
  3391
  5228
  5147
  2438
 -2556
 -8264
-12567
-13609
-10526
 -3920
  4368
 11752
 15883
 15469
 10757
  3394
 -4215
 -9718
-11647
-10013
 -6012
 -1475
  1809
  2822
  1823
   -47
 -1269
  -676
  1972
  5739
  8963
  9901
  7521
  1961
 -5277
-11889
-15592
-14918
 -9891
 -2001
  6342
 12536
 14838
 12826
  7569
  1113
 -4318
 -7147
 -7026
 -4768
 -1929
  -109
  -156
 -1901
 -4145
 -5317
 -4192
  -403
  5045
 10352
 13388
 12679
  7894
   267
 -7885
-14086
-16311
-13873
 -7694
   136
  7070
 11159
 11475
  8554
  4012
  -240
 -2647
 -2770
 -1229
   591
  1177
  -277
 -3504
 -7178
 -9571
 -9159
 -5308
  1188
  8400
 13962
 15819
 13148
  6593
 -1845
 -9525
-14179
-14532
-10880
 -4762
  1569
  6051
  7597
  6382
  3629
  1000
  -147
   659
  2749
  4706
  5007
  2741
 -1876
 -7479
-11983
-13479
-10940
 -4714
  3432
 11036
 15654
 15801
 11522
  4287
 -3485
 -9425
-11893
-10625
 -6749
 -2025
  1644
  3114
  2405
   531
  -935
  -760
  1492
  5046
  8349
  9660
  7752
  2646
 -4400
-11150
-15267
-15153
-10588
 -2948
  5503
 12123
 14953
 13419
  8390
  1876
 -3932
 -7264
 -7514
 -5418
 -2460
  -277
    98
 -1327
 -3542
 -4948
 -4223
  -899
  4292
  9619
 12986
 12768
  8484
  1176
 -7048
-13566
-16324
-14411
 -8549
  -739
  6542
 11092
 11891
  9268
  4708
   169
 -2695
 -3187
 -1831
    65
  1010
   -12
 -2905
 -6499
 -9101
 -9096
 -5764
   386
  7553
 13351
 15728
 13595
  7448
  -902
 -8856
-13976
-14882
-11612
 -5596
   950
  5889
